a c średnia_energia odchylenie_standardowe log10
0.3 -0.7 -0.101816 0.0533092 -1.69874
0.3 -0.68 -0.109475 0.00528621 -1.52981
0.3 -0.66 -0.0965673 0.0248676 -1.8166
0.3 -0.64 -0.0805436 0.0161632 -1.52152
0.3 -0.62 -0.0710389 0.00304041 -2.10779
0.3 -0.6 -0.0950114 0.00910739 -1.58114
0.3 -0.58 -0.101926 0.00678317 -1.93074
0.3 -0.56 -0.0869413 0.00494179 -1.93614
0.3 -0.54 -0.0836839 0.00280483 -2.04734
0.3 -0.52 -0.107117 0.00570503 -2.08128
0.3 -0.5 -0.107446 0.0291032 -1.75383
0.3 -0.48 -0.105788 0.012806 -1.72388
0.3 -0.46 -0.110776 0.0365777 -2.12147
0.3 -0.44 -0.141676 0.0142376 -1.52439
0.3 -0.42 -0.109378 0.0211529 -1.77543
0.3 -0.4 -0.203567 0.080227 -1.58627
0.3 -0.38 -0.244786 0.0625367 -2.68151
0.3 -0.36 -0.145198 0.0212026 -1.4494
0.3 -0.34 -0.188924 0.0587454 -1.28795
0.3 -0.32 -0.109523 0.0923952 -1.39046
0.3 -0.3 -0.195036 0.0712654 -0.987119
0.3 -0.28 -0.195374 0.0853047 -1.08444
0.3 -0.26 -0.427097 0.0881974 -1.42725
0.3 -0.24 -0.433313 0.123342 -1.05966
0.3 -0.22 -0.429211 0.0375848 -1.46213
0.3 -0.2 -0.431592 0.0713316 -1.07096
0.3 -0.18 -0.421615 0.0880077 -1.08071
0.3 -0.16 -0.399024 0.0716495 -1.12374
0.3 -0.14 -0.398571 0.0650236 -1.13608
0.3 -0.12 -0.358367 0.0594095 -1.20031
0.3 -0.1 -0.341079 0.0554482 -1.23368
0.3 -0.08 -0.326247 0.0628594 -1.16442
0.3 -0.06 -0.316524 0.0507492 -1.25672
0.3 -0.04 -0.29972 0.0567305 -1.22702
0.3 -0.02 -0.270678 0.0514394 -1.35757
0.3 3.95517e-16 -0.231492 0.0396325 -1.38998
0.3 0.02 -0.22809 0.0478674 -1.3408
0.3 0.04 -0.210152 0.0356893 -1.54725
0.3 0.06 -0.230297 0.0374763 -1.43262
0.3 0.08 -0.235695 0.0450226 -1.55159
0.3 0.1 -0.237409 0.0350644 -1.70792
0.3 0.12 -0.195876 0.0276947 -1.37203
0.3 0.14 -0.201105 0.0373368 -1.47718
0.3 0.16 -0.206041 0.0367451 -1.61661
0.3 0.18 -0.189969 0.0299459 -1.47623
0.3 0.2 -0.173232 0.0599912 -1.79864
0.3 0.22 -0.187902 0.0275084 -1.50612
0.3 0.24 -0.190726 0.029492 -1.83849
0.3 0.26 -0.197167 0.0356772 -1.65811
0.3 0.28 -0.183201 0.0253641 -1.57684
0.32 -0.7 -0.0922178 0.00580958 -1.80737
0.32 -0.68 -0.0879561 0.0618543 -1.69553
0.32 -0.66 -0.125096 0.0105199 -1.89613
0.32 -0.64 -0.0683266 0.0129086 -2.33189
0.32 -0.62 -0.10197 0.0110517 -1.91393
0.32 -0.6 -0.115235 0.00264677 -2.27723
0.32 -0.58 -0.109064 0.00911961 -2.3283
0.32 -0.56 -0.100841 0.0238729 -2.32631
0.32 -0.54 -0.102507 0.00718882 -2.05421
0.32 -0.52 -0.0876543 0.0261873 -2.14903
0.32 -0.5 -0.106705 0.0102175 -2.30603
0.32 -0.48 -0.118539 0.0027046 -1.44064
0.32 -0.46 -0.109726 0.00928018 -2.06334
0.32 -0.44 -0.117677 0.0215855 -2.3122
0.32 -0.42 -0.138008 0.00288523 -1.82363
0.32 -0.4 -0.162962 0.0307087 -1.41935
0.32 -0.38 -0.250739 0.00626145 -1.23125
0.32 -0.36 -0.222415 0.0108708 -1.36865
0.32 -0.34 -0.160824 0.0878911 -1.04201
0.32 -0.32 -0.180748 0.0691339 -1.27253
0.32 -0.3 -0.242638 0.00255148 -1.66044
0.32 -0.28 -0.159236 0.0806543 -1.78889
0.32 -0.26 -0.382935 0.0717097 -1.91585
0.32 -0.24 -0.436824 0.00935591 -1.08678
0.32 -0.22 -0.429396 0.0150524 -1.02829
0.32 -0.2 -0.428301 0.0864105 -1.03889
0.32 -0.18 -0.414124 0.0883845 -1.14934
0.32 -0.16 -0.417416 0.0793356 -1.09008
0.32 -0.14 -0.395825 0.0770485 -1.10289
0.32 -0.12 -0.382353 0.0772069 -1.16779
0.32 -0.1 -0.354975 0.0556024 -1.20433
0.32 -0.08 -0.347444 0.0556172 -1.26323
0.32 -0.06 -0.303198 0.0732185 -1.26516
0.32 -0.04 -0.30224 0.0503967 -1.31277
0.32 -0.02 -0.268078 0.0400819 -1.18744
0.32 3.95517e-16 -0.284719 0.0418896 -1.27968
0.32 0.02 -0.246121 0.0326807 -1.4045
0.32 0.04 -0.239174 0.0355971 -1.56997
0.32 0.06 -0.233113 0.0425191 -1.52725
0.32 0.08 -0.245815 0.0317613 -1.38069
0.32 0.1 -0.241214 0.0320507 -1.39371
0.32 0.12 -0.209992 0.0600792 -1.52216
0.32 0.14 -0.236721 0.0379893 -1.54821
0.32 0.16 -0.223169 0.0343448 -1.4405
0.32 0.18 -0.218921 0.0466799 -1.63733
0.32 0.2 -0.194463 0.0237073 -1.66934
0.32 0.22 -0.207856 0.0256098 -1.50434
0.32 0.24 -0.19024 0.0327736 -1.49
0.32 0.26 -0.200825 0.0358462 -1.53776
0.32 0.28 -0.189517 0.0286664 -1.59491
0.34 -0.7 -0.115897 0.0237277 -1.38453
0.34 -0.68 -0.0364291 0.0109302 -1.8151
0.34 -0.66 -0.105355 0.0222326 -1.42037
0.34 -0.64 -0.121861 0.0189072 -1.34329
0.34 -0.62 -0.105154 0.00410113 -2.10084
0.34 -0.6 -0.101642 0.00893869 -2.52824
0.34 -0.58 -0.112101 0.019884 -2.37075
0.34 -0.56 -0.109014 0.0136156 -2.09059
0.34 -0.54 -0.0995513 0.00275755 -2.19499
0.34 -0.52 -0.104539 0.00147401 -2.27467
0.34 -0.5 -0.114641 0.0150439 -2.62853
0.34 -0.48 -0.118949 0.00455364 -2.35311
0.34 -0.46 -0.127896 0.00141795 -2.76059
0.34 -0.44 -0.109432 0.0035277 -1.62015
0.34 -0.42 -0.16203 0.0188344 -1.86879
0.34 -0.4 -0.204063 0.0186023 -1.11036
0.34 -0.38 -0.256198 0.00301476 -2.35109
0.34 -0.36 -0.197598 0.010904 -1.11508
0.34 -0.34 -0.0982623 0.0170786 -1.12271
0.34 -0.32 -0.41121 0.0784104 -1.30969
0.34 -0.3 -0.425615 0.0838637 -1.12318
0.34 -0.28 -0.42784 0.0233154 -1.06768
0.34 -0.26 -0.421232 0.0637153 -1.11904
0.34 -0.24 -0.208474 0.0762837 -1.59303
0.34 -0.22 -0.387375 0.0783672 -1.05942
0.34 -0.2 -0.430672 0.0810101 -1.32207
0.34 -0.18 -0.4165 0.0727366 -1.06565
0.34 -0.16 -0.409536 0.0576699 -1.17745
0.34 -0.14 -0.403867 0.0897021 -1.15668
0.34 -0.12 -0.378247 0.0628126 -1.08151
0.34 -0.1 -0.374957 0.0656175 -1.22022
0.34 -0.08 -0.36017 0.0621527 -1.20859
0.34 -0.06 -0.337214 0.058171 -1.25402
0.34 -0.04 -0.316507 0.0622575 -1.18577
0.34 -0.02 -0.300008 0.0530644 -1.28747
0.34 3.95517e-16 -0.271298 0.0447916 -1.28446
0.34 0.02 -0.300376 0.0497913 -1.34746
0.34 0.04 -0.264687 0.044788 -1.38589
0.34 0.06 -0.245116 0.0452038 -1.28931
0.34 0.08 -0.261208 0.0417011 -1.34999
0.34 0.1 -0.237779 0.0484855 -1.34825
0.34 0.12 -0.232092 0.0342323 -1.57834
0.34 0.14 -0.242293 0.0378517 -1.52886
0.34 0.16 -0.205484 0.0356447 -1.42512
0.34 0.18 -0.216348 0.0341542 -1.50464
0.34 0.2 -0.197275 0.0464425 -1.41709
0.34 0.22 -0.201075 0.0361719 -1.28296
0.34 0.24 -0.195659 0.0234398 -1.54724
0.34 0.26 -0.199904 0.0279351 -1.37751
0.34 0.28 -0.198919 0.0278713 -1.48924
0.36 -0.7 -0.0310387 0.0196049 -1.79887
0.36 -0.68 -0.0955598 0.0182244 -1.89178
0.36 -0.66 -0.0392748 0.00498942 -1.73995
0.36 -0.64 -0.126919 0.0300234 -2.4332
0.36 -0.62 -0.106357 0.0156255 -1.48103
0.36 -0.6 -0.0916578 0.00719282 -1.8853
0.36 -0.58 -0.105391 0.0102008 -2.04311
0.36 -0.56 -0.0860692 0.00277448 -2.28712
0.36 -0.54 -0.118323 0.00861072 -2.0713
0.36 -0.52 -0.109847 0.00322545 -2.71163
0.36 -0.5 -0.11993 0.00398946 -2.3122
0.36 -0.48 -0.11131 0.0098474 -2.48309
0.36 -0.46 -0.135609 0.00770477 -1.72376
0.36 -0.44 -0.13811 0.0207662 -1.89933
0.36 -0.42 -0.262406 0.00860292 -1.54864
0.36 -0.4 -0.17234 0.0174875 -1.76325
0.36 -0.38 -0.114983 0.0681913 -1.71693
0.36 -0.36 -0.148339 0.0736602 -1.37774
0.36 -0.34 -0.322551 0.0530482 -1.28256
0.36 -0.32 -0.412414 0.0773956 -1.13407
0.36 -0.3 -0.129412 0.0785119 -1.2172
0.36 -0.28 -0.21971 0.0191533 -1.13087
0.36 -0.26 -0.150719 0.0817585 -1.08305
0.36 -0.24 -0.273704 0.0734134 -1.08611
0.36 -0.22 -0.4419 0.0734884 -1.59452
0.36 -0.2 -0.448169 0.00515597 -1.06235
0.36 -0.18 -0.424458 0.0724623 -1.16341
0.36 -0.16 -0.422588 0.061854 -1.18383
0.36 -0.14 -0.414398 0.0737501 -1.16022
0.36 -0.12 -0.395451 0.0692165 -1.17852
0.36 -0.1 -0.375181 0.0613464 -1.23083
0.36 -0.08 -0.351599 0.0675852 -1.13822
0.36 -0.06 -0.345384 0.0553571 -1.25095
0.36 -0.04 -0.321321 0.10232 -1.21795
0.36 -0.02 -0.308467 0.0694679 -1.28625
0.36 3.95517e-16 -0.303084 0.0544995 -1.19141
0.36 0.02 -0.295659 0.0443772 -1.2491
0.36 0.04 -0.258924 0.0456124 -1.45933
0.36 0.06 -0.267564 0.0756271 -1.24159
0.36 0.08 -0.238111 0.0396404 -1.24221
0.36 0.1 -0.23671 0.0488846 -1.22343
0.36 0.12 -0.240154 0.0352343 -1.51978
0.36 0.14 -0.258303 0.0316804 -1.50598
0.36 0.16 -0.230483 0.0384512 -1.39271
0.36 0.18 -0.239953 0.0436716 -1.45697
0.36 0.2 -0.235479 0.0354381 -1.49528
0.36 0.22 -0.228021 0.036482 -1.53766
0.36 0.24 -0.216434 0.0403636 -1.36419
0.36 0.26 -0.230605 0.0486115 -1.4291
0.36 0.28 -0.23455 0.0258653 -1.62908
0.38 -0.7 -0.0645834 0.0253345 -1.7821
0.38 -0.68 -0.108975 0.00383164 -1.13323
0.38 -0.66 -0.104077 0.0305623 -1.40446
0.38 -0.64 -0.106407 0.0189572 -1.93857
0.38 -0.62 -0.109407 0.00555633 -2.22343
0.38 -0.6 -0.0333459 0.0120031 -1.96457
0.38 -0.58 -0.0842338 0.00751234 -1.74768
0.38 -0.56 -0.10532 0.0024203 -2.56484
0.38 -0.54 -0.066775 0.00151226 -2.84163
0.38 -0.52 -0.115799 0.00434914 -2.81506
0.38 -0.5 -0.117611 0.00675147 -2.61922
0.38 -0.48 -0.123134 0.00259642 -1.98918
0.38 -0.46 -0.178217 0.00299317 -2.18091
0.38 -0.44 -0.117688 0.0230637 -1.65753
0.38 -0.42 -0.145739 0.0291328 -3.14151
0.38 -0.4 -0.202045 0.00175651 -1.81205
0.38 -0.38 -0.156728 0.00677126 -1.46132
0.38 -0.36 -0.380669 0.0385067 -1.17166
0.38 -0.34 -0.132317 0.00838953 -1.13264
0.38 -0.32 -0.412496 0.0564529 -1.13154
0.38 -0.3 -0.212421 0.0433356 -1.1898
0.38 -0.28 -0.441723 0.0633014 -1.13466
0.38 -0.26 -0.441764 0.0812576 -1.19433
0.38 -0.24 -0.388232 0.0743616 -1.12814
0.38 -0.22 -0.451482 0.0726332 -1.42277
0.38 -0.2 -0.44369 0.0748298 -1.15209
0.38 -0.18 -0.435348 0.0654531 -1.1118
0.38 -0.16 -0.42331 0.072336 -1.12815
0.38 -0.14 -0.418996 0.0739511 -1.22633
0.38 -0.12 -0.408705 0.0744966 -1.18714
0.38 -0.1 -0.383292 0.0543661 -1.11975
0.38 -0.08 -0.355471 0.0791101 -1.19179
0.38 -0.06 -0.357686 0.0483131 -1.07533
0.38 -0.04 -0.3357 0.048453 -1.13973
0.38 -0.02 -0.320399 0.0563778 -1.24045
0.38 3.95517e-16 -0.303879 0.0518954 -1.28313
0.38 0.02 -0.277546 0.0533871 -1.2415
0.38 0.04 -0.279316 0.0542337 -1.18297
0.38 0.06 -0.297155 0.0461045 -1.34647
0.38 0.08 -0.266961 0.0430653 -1.28902
0.38 0.1 -0.279811 0.0502504 -1.28352
0.38 0.12 -0.257277 0.045654 -1.48747
0.38 0.14 -0.240876 0.0317273 -1.51115
0.38 0.16 -0.266252 0.0558057 -1.35418
0.38 0.18 -0.262355 0.0349312 -1.19211
0.38 0.2 -0.259666 0.0370366 -1.33824
0.38 0.22 -0.227021 0.041977 -1.48585
0.38 0.24 -0.224446 0.0353251 -1.29864
0.38 0.26 -0.2181 0.0418812 -1.49749
0.38 0.28 -0.236574 0.0323498 -1.42096
0.4 -0.7 -0.127228 0.0929696 -2.45486
0.4 -0.68 -0.0601 0.0390664 -2.06739
0.4 -0.66 -0.106631 0.0109263 -1.90955
0.4 -0.64 -0.119971 0.00305247 -1.71983
0.4 -0.62 -0.111657 0.00469523 -2.12419
0.4 -0.6 -0.00163787 0.00154413 -1.91519
0.4 -0.58 -0.124788 0.00201266 -2.26843
0.4 -0.56 -0.10923 0.00884004 -1.94733
0.4 -0.54 -0.0978167 0.00132083 -2.31708
0.4 -0.52 -0.120259 0.00276165 -2.52274
0.4 -0.5 -0.116553 0.000659679 -2.90965
0.4 -0.48 -0.136658 0.00460985 -2.12426
0.4 -0.46 -0.144684 0.00415245 -2.17273
0.4 -0.44 -0.129574 0.0321374 -1.81582
0.4 -0.42 -0.11465 0.00442971 -3.36576
0.4 -0.4 -0.323446 0.0452155 -1.58462
0.4 -0.38 -0.169769 0.0265739 -1.70062
0.4 -0.36 -0.139477 0.0519502 -1.27939
0.4 -0.34 -0.400392 0.0572903 -1.1408
0.4 -0.32 -0.229396 0.0592394 -1.71928
0.4 -0.3 -0.436493 0.0558465 -1.19698
0.4 -0.28 -0.442095 0.0662335 -1.19574
0.4 -0.26 -0.238931 0.0786979 -1.19278
0.4 -0.24 -0.208543 0.0461388 -1.03074
0.4 -0.22 -0.453655 0.0742811 -1.13751
0.4 -0.2 -0.449358 0.0701834 -1.27746
0.4 -0.18 -0.442271 0.0693899 -1.12977
0.4 -0.16 -0.439235 0.0540914 -1.10458
0.4 -0.14 -0.418262 0.0792048 -1.19674
0.4 -0.12 -0.408712 0.0687462 -1.24118
0.4 -0.1 -0.394273 0.0653913 -1.14003
0.4 -0.08 -0.392044 0.0688302 -1.19306
0.4 -0.06 -0.368208 0.064339 -1.16995
0.4 -0.04 -0.346197 0.0556744 -1.22732
0.4 -0.02 -0.31707 0.0521227 -1.24311
0.4 3.95517e-16 -0.31017 0.0495369 -1.2834
0.4 0.02 -0.308946 0.0671955 -1.31851
0.4 0.04 -0.29916 0.0466963 -1.30501
0.4 0.06 -0.284668 0.0618975 -1.21798
0.4 0.08 -0.289504 0.0444516 -1.31402
0.4 0.1 -0.281661 0.0367434 -1.34855
0.4 0.12 -0.272739 0.0532988 -1.36074
0.4 0.14 -0.245898 0.0801201 -1.47344
0.4 0.16 -0.2775 0.0396606 -1.23624
0.4 0.18 -0.260779 0.0415973 -1.39187
0.4 0.2 -0.248386 0.0428661 -1.30583
0.4 0.22 -0.247981 0.0394224 -1.33754
0.4 0.24 -0.247129 0.0373278 -1.38624
0.4 0.26 -0.242434 0.0508761 -1.37905
0.4 0.28 -0.223676 0.0388526 -1.26457
0.42 -0.7 -0.131977 0.0158171 -2.39851
0.42 -0.68 -0.0880736 0.0054481 -1.83552
0.42 -0.66 -0.128877 0.00986491 -2.41224
0.42 -0.64 -0.122489 0.00536802 -2.02621
0.42 -0.62 -0.122515 0.0068905 -1.70677
0.42 -0.6 -0.0700984 0.00539631 -2.15515
0.42 -0.58 -0.122096 0.00600056 -2.15748
0.42 -0.56 -0.114529 0.00742675 -2.35239
0.42 -0.54 -0.127253 0.00272018 -2.43551
0.42 -0.52 -0.119775 0.000776499 -2.11379
0.42 -0.5 -0.12168 0.00168504 -2.58012
0.42 -0.48 -0.13123 0.00222752 -2.95545
0.42 -0.46 -0.117882 0.00214012 -2.17717
0.42 -0.44 -0.126028 0.00648122 -2.14919
0.42 -0.42 -0.133029 0.0103781 -1.76092
0.42 -0.4 -0.264572 0.00800528 -1.54217
0.42 -0.38 -0.227348 0.0018296 -1.73794
0.42 -0.36 -0.192555 0.00336635 -1.37808
0.42 -0.34 -0.400905 0.0483846 -1.42884
0.42 -0.32 -0.335373 0.0487124 -1.20924
0.42 -0.3 -0.122935 0.0576822 -1.56166
0.42 -0.28 -0.440333 0.0538175 -1.1977
0.42 -0.26 -0.456025 0.0581458 -1.26193
0.42 -0.24 -0.18866 0.0678192 -1.25139
0.42 -0.22 -0.462777 0.0608027 -1.19393
0.42 -0.2 -0.452815 0.061374 -1.20364
0.42 -0.18 -0.456597 0.0750976 -1.20289
0.42 -0.16 -0.445797 0.0631287 -1.07914
0.42 -0.14 -0.432254 0.0667499 -1.18885
0.42 -0.12 -0.411833 0.0652568 -1.20284
0.42 -0.1 -0.396809 0.0774559 -1.17739
0.42 -0.08 -0.388408 0.065703 -1.25804
0.42 -0.06 -0.364787 0.0588884 -1.23406
0.42 -0.04 -0.355192 0.0629658 -1.18007
0.42 -0.02 -0.351424 0.0480649 -1.15085
0.42 3.95517e-16 -0.320498 0.0573029 -1.23682
0.42 0.02 -0.320555 0.0762777 -1.27778
0.42 0.04 -0.307542 0.0581868 -1.22388
0.42 0.06 -0.306808 0.0645828 -1.34603
0.42 0.08 -0.297756 0.0533714 -1.29867
0.42 0.1 -0.287869 0.0665077 -1.32915
0.42 0.12 -0.280685 0.055251 -1.29702
0.42 0.14 -0.275332 0.0467537 -1.36572
0.42 0.16 -0.255277 0.0689933 -1.28493
0.42 0.18 -0.272713 0.0344522 -1.25633
0.42 0.2 -0.255223 0.030629 -1.18732
0.42 0.22 -0.252343 0.0453213 -1.08719
0.42 0.24 -0.268235 0.0477021 -1.33716
0.42 0.26 -0.257635 0.0447138 -1.19604
0.42 0.28 -0.253218 0.0410521 -1.31842
0.44 -0.7 -0.133345 0.00485993 -1.41768
0.44 -0.68 -0.137536 0.0154508 -1.57416
0.44 -0.66 -0.122304 0.013927 -1.25608
0.44 -0.64 -0.118096 0.0169239 -1.83778
0.44 -0.62 -0.0928008 0.00741558 -2.37845
0.44 -0.6 -0.13408 0.0112913 -1.89111
0.44 -0.58 -0.122048 0.00466287 -2.53398
0.44 -0.56 -0.0916427 0.00182435 -2.81987
0.44 -0.54 -0.110709 0.00177734 -2.8332
0.44 -0.52 -0.116575 0.00212939 -2.34207
0.44 -0.5 -0.122225 0.000736004 -2.78767
0.44 -0.48 -0.127179 0.00408995 -2.64836
0.44 -0.46 -0.135146 0.00183697 -2.90914
0.44 -0.44 -0.123423 0.00100813 -2.69265
0.44 -0.42 -0.142288 0.00466348 -1.7498
0.44 -0.4 -0.109914 0.023236 -1.60251
0.44 -0.38 -0.171823 0.0118092 -1.42905
0.44 -0.36 -0.216706 0.0408295 -1.84347
0.44 -0.34 -0.406159 0.00500753 -1.31815
0.44 -0.32 -0.169058 0.0271185 -1.50586
0.44 -0.3 -0.438278 0.0128637 -1.25962
0.44 -0.28 -0.361875 0.0536379 -1.28655
0.44 -0.26 -0.461856 0.0387107 -1.22895
0.44 -0.24 -0.4597 0.0678786 -1.22857
0.44 -0.22 -0.461561 0.0539456 -1.19045
0.44 -0.2 -0.45767 0.0622272 -1.30766
0.44 -0.18 -0.46073 0.0623452 -1.16224
0.44 -0.16 -0.445013 0.0586603 -1.20016
0.44 -0.14 -0.435416 0.0839898 -1.21108
0.44 -0.12 -0.424889 0.0569152 -1.24682
0.44 -0.1 -0.414794 0.065782 -1.22715
0.44 -0.08 -0.387921 0.0628674 -1.23493
0.44 -0.06 -0.393871 0.0599097 -1.09882
0.44 -0.04 -0.384134 0.0590225 -1.06176
0.44 -0.02 -0.371659 0.050264 -1.20342
0.44 3.95517e-16 -0.338979 0.0591075 -1.21302
0.44 0.02 -0.336522 0.0513129 -1.2651
0.44 0.04 -0.318931 0.0506999 -1.2754
0.44 0.06 -0.301453 0.0452515 -1.25871
0.44 0.08 -0.297694 0.0576683 -1.27522
0.44 0.1 -0.298824 0.0427785 -1.22376
0.44 0.12 -0.305724 0.0498824 -1.22797
0.44 0.14 -0.307808 0.0473538 -1.35322
0.44 0.16 -0.269884 0.0595891 -1.34575
0.44 0.18 -0.271687 0.0560724 -1.32817
0.44 0.2 -0.254023 0.0518966 -1.45023
0.44 0.22 -0.270721 0.0472223 -1.28798
0.44 0.24 -0.287455 0.0448878 -1.37882
0.44 0.26 -0.271356 0.0446137 -1.42692
0.44 0.28 -0.254501 0.0423391 -1.17417
0.46 -0.7 -0.108683 0.0125365 -1.33079
0.46 -0.68 -0.101538 0.00437048 -2.50468
0.46 -0.66 -0.137646 0.00269378 -2.26865
0.46 -0.64 -0.135434 0.0374591 -1.74618
0.46 -0.62 -0.134957 0.00987913 -2.3712
0.46 -0.6 -0.125502 0.0203276 -1.91384
0.46 -0.58 -0.123807 0.0024722 -2.01004
0.46 -0.56 -0.0194311 0.00910403 -2.39013
0.46 -0.54 -0.126539 0.00173549 -2.78521
0.46 -0.52 -0.119768 0.00307595 -3.53229
0.46 -0.5 -0.125256 0.00184295 -3.04732
0.46 -0.48 -0.133483 0.00297803 -2.7611
0.46 -0.46 -0.1344 0.00272381 -3.10043
0.46 -0.44 -0.183391 0.00969171 -2.16744
0.46 -0.42 -0.166464 0.0153735 -1.70939
0.46 -0.4 -0.196367 0.0241819 -1.99388
0.46 -0.38 -0.155626 0.00516709 -2.03075
0.46 -0.36 -0.115451 0.0408141 -1.45834
0.46 -0.34 -0.179726 0.027163 -1.50774
0.46 -0.32 -0.357667 0.0495151 -1.2933
0.46 -0.3 -0.189698 0.0431171 -1.25331
0.46 -0.28 -0.292913 0.0524554 -1.37904
0.46 -0.26 -0.458853 0.0615495 -1.26125
0.46 -0.24 -0.466999 0.048827 -1.26192
0.46 -0.22 -0.463652 0.0582621 -1.25908
0.46 -0.2 -0.391578 0.0585833 -1.23585
0.46 -0.18 -0.466382 0.0571095 -1.21131
0.46 -0.16 -0.452017 0.0634538 -1.19041
0.46 -0.14 -0.437664 0.0669674 -1.20926
0.46 -0.12 -0.432065 0.0528986 -1.22855
0.46 -0.1 -0.42273 0.0652003 -1.15279
0.46 -0.08 -0.397083 0.055478 -1.26868
0.46 -0.06 -0.381337 0.0856088 -1.12118
0.46 -0.04 -0.378651 0.0725604 -1.14087
0.46 -0.02 -0.343375 0.0695504 -1.27677
0.46 3.95517e-16 -0.354699 0.0612254 -1.1433
0.46 0.02 -0.340665 0.0599989 -1.14626
0.46 0.04 -0.343363 0.069694 -1.29831
0.46 0.06 -0.312605 0.0427129 -1.20233
0.46 0.08 -0.328231 0.0539419 -1.35398
0.46 0.1 -0.30714 0.0618299 -1.31152
0.46 0.12 -0.311641 0.0491908 -1.28834
0.46 0.14 -0.264808 0.0554198 -1.19921
0.46 0.16 -0.299759 0.0452153 -1.23162
0.46 0.18 -0.289283 0.0398003 -1.28729
0.46 0.2 -0.28644 0.0439251 -1.44771
0.46 0.22 -0.292092 0.046673 -1.25783
0.46 0.24 -0.282647 0.0523427 -1.40291
0.46 0.26 -0.305239 0.0553354 -1.28161
0.46 0.28 -0.268552 0.0648188 -1.35429
0.48 -0.7 -0.133187 0.0324716 -1.26551
0.48 -0.68 -0.117338 0.00565487 -1.94257
0.48 -0.66 -0.107814 0.0755301 -1.64765
0.48 -0.64 -0.117913 0.00172621 -2.26552
0.48 -0.62 -0.0645308 0.0185482 -1.83613
0.48 -0.6 -0.103964 0.0170578 -2.80837
0.48 -0.58 -0.134736 0.00596426 -2.21456
0.48 -0.56 -0.0888316 0.000536766 -2.33513
0.48 -0.54 -0.11828 0.00164894 -3.04243
0.48 -0.52 -0.108585 0.00086143 -3.52401
0.48 -0.5 -0.1246 0.000200181 -4.17768
0.48 -0.48 -0.139401 0.00239523 -2.84
0.48 -0.46 -0.120514 0.00329565 -2.71978
0.48 -0.44 -0.11687 0.00367169 -3.65175
0.48 -0.42 -0.125 0.00319527 -1.88992
0.48 -0.4 -0.171764 0.0212881 -1.82449
0.48 -0.38 -0.120984 0.0110533 -1.83122
0.48 -0.36 -0.17358 0.0331324 -1.45626
0.48 -0.34 -0.35962 0.0332001 -1.47879
0.48 -0.32 -0.429392 0.036641 -1.2572
0.48 -0.3 -0.238653 0.0328864 -1.51672
0.48 -0.28 -0.459563 0.0380345 -1.41864
0.48 -0.26 -0.46557 0.0405847 -1.31546
0.48 -0.24 -0.369115 0.0487301 -1.35126
0.48 -0.22 -0.4716 0.0688059 -1.30257
0.48 -0.2 -0.264008 0.0454133 -1.27747
0.48 -0.18 -0.468021 0.054881 -1.25018
0.48 -0.16 -0.461827 0.0576619 -1.198
0.48 -0.14 -0.452748 0.05116 -1.24243
0.48 -0.12 -0.438564 0.0514983 -1.1791
0.48 -0.1 -0.43306 0.0709221 -1.2066
0.48 -0.08 -0.41522 0.0574047 -1.21044
0.48 -0.06 -0.404623 0.059045 -1.1937
0.48 -0.04 -0.381992 0.0560069 -1.15883
0.48 -0.02 -0.364334 0.0621531 -1.21954
0.48 3.95517e-16 -0.360762 0.0500405 -1.14862
0.48 0.02 -0.353259 0.0614526 -1.18468
0.48 0.04 -0.339103 0.0536808 -1.16598
0.48 0.06 -0.353831 0.0617575 -1.20885
0.48 0.08 -0.341705 0.060323 -1.24986
0.48 0.1 -0.338032 0.049069 -1.2278
0.48 0.12 -0.31781 0.0554433 -1.17141
0.48 0.14 -0.317267 0.0562918 -1.29521
0.48 0.16 -0.304273 0.0642152 -1.17508
0.48 0.18 -0.321415 0.0557731 -1.32928
0.48 0.2 -0.307105 0.0518792 -1.29998
0.48 0.22 -0.287769 0.0609127 -1.19112
0.48 0.24 -0.302116 0.0583374 -1.26421
0.48 0.26 -0.301375 0.0503618 -1.19474
0.48 0.28 -0.28391 0.0443497 -1.27499
0.5 -0.7 -0.136196 0.00442991 -2.16258
0.5 -0.68 -0.129 0.00355588 -1.49518
0.5 -0.66 -0.119027 0.0080764 -1.44153
0.5 -0.64 -0.0666817 0.0460365 -1.43875
0.5 -0.62 -0.102012 0.0145144 -1.81306
0.5 -0.6 -0.105012 0.00154594 -1.73596
0.5 -0.58 -0.11688 0.0136965 -2.09123
0.5 -0.56 -0.105623 0.00108837 -2.55871
0.5 -0.54 -0.0834114 0.00043109 -3.73056
0.5 -0.52 -0.110074 0.000419168 -3.67028
0.5 -0.5 -0.125 0 -19
0.5 -0.48 -0.143393 0.000645126 -3.34314
0.5 -0.46 -0.126773 0.00380313 -2.47915
0.5 -0.44 -0.151128 0.00353728 -2.11781
0.5 -0.42 -0.140853 0.0125313 -1.91109
0.5 -0.4 -0.149556 0.0103081 -1.78418
0.5 -0.38 -0.365978 0.0265372 -1.62802
0.5 -0.36 -0.10601 0.0304719 -1.60211
0.5 -0.34 -0.317837 0.0334561 -1.4623
0.5 -0.32 -0.138083 0.0269867 -1.57257
0.5 -0.3 -0.446894 0.0323982 -1.45973
0.5 -0.28 -0.438287 0.0436329 -1.43256
0.5 -0.26 -0.46218 0.0391486 -1.39608
0.5 -0.24 -0.469458 0.0428381 -1.34897
0.5 -0.22 -0.474679 0.0480946 -1.31562
0.5 -0.2 -0.478148 0.0481343 -1.35531
0.5 -0.18 -0.472166 0.0490524 -1.29943
0.5 -0.16 -0.460468 0.046534 -1.25776
0.5 -0.14 -0.453876 0.0572253 -1.20803
0.5 -0.12 -0.439974 0.0511525 -1.30326
0.5 -0.1 -0.438792 0.0608749 -1.21382
0.5 -0.08 -0.415966 0.0595667 -1.12791
0.5 -0.06 -0.397246 0.0571559 -1.13025
0.5 -0.04 -0.40902 0.0689215 -1.21317
0.5 -0.02 -0.370609 0.0596548 -1.26183
0.5 3.95517e-16 -0.373927 0.05246 -1.23873
0.5 0.02 -0.363142 0.0592017 -1.23686
0.5 0.04 -0.363516 0.0607582 -1.26016
0.5 0.06 -0.339674 0.079704 -1.25319
0.5 0.08 -0.33298 0.0731888 -1.17806
0.5 0.1 -0.344415 0.0499896 -1.28331
0.5 0.12 -0.333921 0.0813446 -1.27172
0.5 0.14 -0.326237 0.0673561 -1.20432
0.5 0.16 -0.331321 0.0510766 -1.08714
0.5 0.18 -0.316473 0.0648044 -1.35548
0.5 0.2 -0.293239 0.0504988 -1.3298
0.5 0.22 -0.308139 0.0822273 -1.22767
0.5 0.24 -0.288777 0.0658527 -1.05598
0.5 0.26 -0.292553 0.0613245 -1.11201
0.5 0.28 -0.29454 0.0510572 -1.29116
0.52 -0.7 -0.142295 0.00479498 -1.562
0.52 -0.68 -0.0721624 0.0161379 -1.5827
0.52 -0.66 -0.10568 0.0174293 -1.83139
0.52 -0.64 -0.116719 0.0117585 -2.1826
0.52 -0.62 -0.105664 0.00556503 -1.91339
0.52 -0.6 -0.107785 0.0148239 -2.05387
0.52 -0.58 -0.131066 0.0165225 -1.68569
0.52 -0.56 -0.0905077 0.000464051 -2.9306
0.52 -0.54 -0.13013 0.000157429 -3.77728
0.52 -0.52 -0.118841 0.00293634 -2.61201
0.52 -0.5 -0.124844 7.70212e-05 -3.58102
0.52 -0.48 -0.13627 0.000629135 -3.03396
0.52 -0.46 -0.134626 0.00328537 -2.47422
0.52 -0.44 -0.180222 0.00409895 -2.61098
0.52 -0.42 -0.278954 0.0116108 -2.28614
0.52 -0.4 -0.332998 0.00764116 -1.87479
0.52 -0.38 -0.231608 0.0183839 -2.0527
0.52 -0.36 -0.18537 0.0120438 -1.52659
0.52 -0.34 -0.412051 0.036812 -1.54803
0.52 -0.32 -0.43606 0.0466817 -1.44884
0.52 -0.3 -0.449902 0.032907 -1.31185
0.52 -0.28 -0.255392 0.0299724 -1.50459
0.52 -0.26 -0.472276 0.0325601 -1.20775
0.52 -0.24 -0.398465 0.0367187 -1.30272
0.52 -0.22 -0.479381 0.0406283 -1.37268
0.52 -0.2 -0.481758 0.0417974 -1.31497
0.52 -0.18 -0.472442 0.0517731 -1.27654
0.52 -0.16 -0.463378 0.0490304 -1.25962
0.52 -0.14 -0.45768 0.0527154 -1.35477
0.52 -0.12 -0.451104 0.0557882 -1.23706
0.52 -0.1 -0.43595 0.0873641 -1.25875
0.52 -0.08 -0.429599 0.0777635 -1.19682
0.52 -0.06 -0.405828 0.0642759 -1.27361
0.52 -0.04 -0.409003 0.0561565 -1.24516
0.52 -0.02 -0.388336 0.0560012 -1.21038
0.52 3.95517e-16 -0.368 0.0623761 -1.26277
0.52 0.02 -0.393812 0.0495836 -1.20599
0.52 0.04 -0.368994 0.0736617 -1.22114
0.52 0.06 -0.348106 0.0537455 -1.11869
0.52 0.08 -0.358116 0.0695135 -1.2119
0.52 0.1 -0.346955 0.0483044 -1.13974
0.52 0.12 -0.341687 0.0538043 -1.17853
0.52 0.14 -0.324798 0.0642569 -1.18319
0.52 0.16 -0.312951 0.0662712 -1.20904
0.52 0.18 -0.308281 0.0655217 -1.13268
0.52 0.2 -0.299884 0.0797737 -1.08331
0.52 0.22 -0.32902 0.0585313 -1.20079
0.52 0.24 -0.300309 0.0666791 -1.19033
0.52 0.26 -0.3118 0.0618239 -1.14481
0.52 0.28 -0.308745 0.0560149 -1.33964
0.54 -0.7 -0.142475 0.0214706 -1.773
0.54 -0.68 0.058599 0.0122248 -1.53153
0.54 -0.66 -0.107828 0.0488803 -1.96975
0.54 -0.64 -0.0937935 0.0384198 -1.93193
0.54 -0.62 -0.133377 0.00665757 -1.62613
0.54 -0.6 -0.122227 0.00857332 -3.04036
0.54 -0.58 -0.0718542 0.0039309 -1.98554
0.54 -0.56 -0.109493 0.000116388 -2.06047
0.54 -0.54 -0.0829212 0.00251683 -2.11676
0.54 -0.52 -0.116821 0.00487724 -3.27246
0.54 -0.5 -0.12406 0.000960954 -3.48976
0.54 -0.48 -0.141876 0.00164187 -2.77285
0.54 -0.46 -0.165107 0.00301445 -2.49901
0.54 -0.44 -0.113105 0.00616581 -2.15017
0.54 -0.42 -0.120984 0.0112769 -1.93867
0.54 -0.4 -0.293134 0.0166601 -1.82221
0.54 -0.38 -0.262571 0.0190184 -2.17327
0.54 -0.36 -0.229766 0.030422 -1.56973
0.54 -0.34 -0.331533 0.0142067 -1.82135
0.54 -0.32 -0.339731 0.0234722 -1.76368
0.54 -0.3 -0.451795 0.0283143 -1.6487
0.54 -0.28 -0.463826 0.0550551 -1.5972
0.54 -0.26 -0.47247 0.0318056 -1.57803
0.54 -0.24 -0.48017 0.0333736 -1.2376
0.54 -0.22 -0.479328 0.0341925 -1.4252
0.54 -0.2 -0.482363 0.0358804 -1.43686
0.54 -0.18 -0.476743 0.0492828 -1.33799
0.54 -0.16 -0.468517 0.0536734 -1.36069
0.54 -0.14 -0.463703 0.0492657 -1.33614
0.54 -0.12 -0.456088 0.0501506 -1.26837
0.54 -0.1 -0.436583 0.052155 -1.20963
0.54 -0.08 -0.419718 0.0594922 -1.22768
0.54 -0.06 -0.427918 0.0624521 -1.22384
0.54 -0.04 -0.410918 0.0523375 -1.22642
0.54 -0.02 -0.394768 0.0623622 -1.18077
0.54 3.95517e-16 -0.401177 0.0509838 -1.20349
0.54 0.02 -0.370668 0.0741251 -1.24122
0.54 0.04 -0.379847 0.0669958 -1.26009
0.54 0.06 -0.361682 0.0713887 -1.25732
0.54 0.08 -0.389642 0.0586132 -1.18953
0.54 0.1 -0.367194 0.0669838 -1.16188
0.54 0.12 -0.346056 0.0582516 -1.15912
0.54 0.14 -0.326398 0.0647974 -1.20239
0.54 0.16 -0.328841 0.0552249 -1.20846
0.54 0.18 -0.334386 0.0683063 -1.25547
0.54 0.2 -0.316547 0.0595497 -1.25621
0.54 0.22 -0.326119 0.0656267 -1.20502
0.54 0.24 -0.327978 0.0548084 -1.16128
0.54 0.26 -0.321093 0.0526995 -1.26233
0.54 0.28 -0.315174 0.0674032 -1.27893
0.56 -0.7 -0.0908858 0.0395687 -2.25685
0.56 -0.68 -0.111473 0.00844609 -1.60335
0.56 -0.66 -0.12798 0.0163262 -1.22505
0.56 -0.64 0.00298463 0.0347825 -1.14002
0.56 -0.62 -0.0728174 0.000866852 -1.23121
0.56 -0.6 -0.117129 0.00644211 -2.48058
0.56 -0.58 -0.0572105 0.0225795 -2.36131
0.56 -0.56 -0.106037 0.023333 -2.46784
0.56 -0.54 -0.119917 0.00352401 -2.86435
0.56 -0.52 -0.111676 0.00539812 -2.26596
0.56 -0.5 -0.124269 0.00163022 -2.93383
0.56 -0.48 -0.137234 0.00424673 -2.53688
0.56 -0.46 -0.149425 0.00597525 -2.28813
0.56 -0.44 -0.197211 0.00576494 -2.10145
0.56 -0.42 -0.117971 0.0124516 -1.89808
0.56 -0.4 -0.254744 0.0139495 -1.86566
0.56 -0.38 -0.365571 0.0214441 -1.78634
0.56 -0.36 -0.170449 0.0280748 -1.68093
0.56 -0.34 -0.401592 0.0299799 -1.45674
0.56 -0.32 -0.435543 0.0422653 -1.37862
0.56 -0.3 -0.40386 0.0186927 -1.35315
0.56 -0.28 -0.365395 0.0218117 -1.31895
0.56 -0.26 -0.474384 0.0296878 -1.63757
0.56 -0.24 -0.479405 0.0285191 -1.6153
0.56 -0.22 -0.329314 0.0278694 -1.53966
0.56 -0.2 -0.480606 0.0355942 -1.30436
0.56 -0.18 -0.47649 0.0402343 -1.43649
0.56 -0.16 -0.480198 0.0422478 -1.35092
0.56 -0.14 -0.472248 0.0427134 -1.4446
0.56 -0.12 -0.465029 0.043515 -1.33429
0.56 -0.1 -0.45011 0.0481684 -1.35698
0.56 -0.08 -0.448261 0.0569827 -1.3168
0.56 -0.06 -0.434721 0.050882 -1.28019
0.56 -0.04 -0.415926 0.0542129 -1.24827
0.56 -0.02 -0.41254 0.0604428 -1.27155
0.56 3.95517e-16 -0.406871 0.0585077 -1.22786
0.56 0.02 -0.3976 0.0745864 -1.27136
0.56 0.04 -0.383506 0.0563936 -1.22351
0.56 0.06 -0.375489 0.0655194 -1.22369
0.56 0.08 -0.3718 0.0579138 -1.24008
0.56 0.1 -0.354629 0.0662325 -1.24917
0.56 0.12 -0.359685 0.0619904 -1.11758
0.56 0.14 -0.36121 0.0594924 -1.27626
0.56 0.16 -0.343557 0.0834087 -1.238
0.56 0.18 -0.341486 0.0723941 -1.19912
0.56 0.2 -0.342308 0.0641565 -1.17842
0.56 0.22 -0.339911 0.0715602 -1.21269
0.56 0.24 -0.329031 0.0649887 -1.11442
0.56 0.26 -0.333574 0.0884419 -1.26269
0.56 0.28 -0.328979 0.0567134 -1.14506
0.58 -0.7 -0.135427 0.00557899 -1.13379
0.58 -0.68 -0.146043 0.0562216 -1.3547
0.58 -0.66 -0.129347 0.0128789 -1.39193
0.58 -0.64 -0.126521 0.0297744 -1.20135
0.58 -0.62 -0.0817192 0.00998829 -1.44961
0.58 -0.6 -0.0942596 0.0277446 -1.60887
0.58 -0.58 -0.125359 0.037863 -1.92967
0.58 -0.56 -0.0945543 0.00912285 -1.53202
0.58 -0.54 -0.100841 0.00149657 -2.49308
0.58 -0.52 -0.123288 0.000686432 -2.7377
0.58 -0.5 -0.120647 0.00473139 -2.65052
0.58 -0.48 -0.123222 0.00288261 -2.3485
0.58 -0.46 -0.183819 0.00452296 -2.22425
0.58 -0.44 -0.215177 0.00599284 -2.00343
0.58 -0.42 -0.232498 0.0123293 -1.91214
0.58 -0.4 -0.217138 0.0193753 -1.75755
0.58 -0.38 -0.172911 0.0231232 -1.83471
0.58 -0.36 -0.390018 0.0218822 -2.19797
0.58 -0.34 -0.415248 0.0314195 -1.55932
0.58 -0.32 -0.437083 0.0122162 -1.38204
0.58 -0.3 -0.4519 0.0140452 -1.51324
0.58 -0.28 -0.463309 0.0154881 -1.76454
0.58 -0.26 -0.134681 0.0191835 -1.67283
0.58 -0.24 -0.48172 0.0246673 -1.66479
0.58 -0.22 -0.484377 0.0419366 -1.57171
0.58 -0.2 -0.487594 0.0268777 -1.58446
0.58 -0.18 -0.485594 0.0282992 -1.49201
0.58 -0.16 -0.473275 0.0331963 -1.41741
0.58 -0.14 -0.467757 0.0477984 -1.43131
0.58 -0.12 -0.466887 0.0424194 -1.33236
0.58 -0.1 -0.4569 0.04357 -1.41066
0.58 -0.08 -0.449724 0.0516427 -1.32326
0.58 -0.06 -0.436863 0.0502535 -1.27666
0.58 -0.04 -0.431108 0.0535648 -1.29552
0.58 -0.02 -0.430193 0.0582061 -1.16558
0.58 3.95517e-16 -0.405927 0.0479526 -1.26572
0.58 0.02 -0.407572 0.0660407 -1.27716
0.58 0.04 -0.392933 0.0557114 -0.605045
0.58 0.06 -0.394075 0.0604833 -1.22631
0.58 0.08 -0.370999 0.0577002 -1.16391
0.58 0.1 -0.381879 0.0705434 -1.1353
0.58 0.12 -0.386031 0.0617759 -1.1324
0.58 0.14 -0.372033 0.057287 -1.16876
0.58 0.16 -0.353378 0.0599118 -1.19049
0.58 0.18 -0.351634 0.0540274 -1.27175
0.58 0.2 -0.343434 0.0559971 -1.22669
0.58 0.22 -0.33498 0.0535563 -1.21654
0.58 0.24 -0.330984 0.072433 -1.18561
0.58 0.26 -0.33643 0.0521262 -1.0927
0.58 0.28 -0.34212 0.0723166 -1.20628
0.6 -0.7 -0.0951654 0.0745904 -1.58677
0.6 -0.68 -0.116809 0.0300869 -1.55249
0.6 -0.66 -0.141511 0.0564487 -2.61363
0.6 -0.64 -0.136737 0.0275544 -1.61798
0.6 -0.62 -0.0769993 0.0548177 -1.43121
0.6 -0.6 -0.0529015 0.0127837 -2.71351
0.6 -0.58 -0.133983 0.0122491 -2.75948
0.6 -0.56 -0.0845308 0.00166525 -1.42519
0.6 -0.54 -0.123024 0.0108464 -1.86582
0.6 -0.52 -0.120281 0.010176 -2.92033
0.6 -0.5 -0.121981 0.00693632 -2.38895
0.6 -0.48 -0.121337 0.00875283 -2.16812
0.6 -0.46 -0.137553 0.016068 -2.22667
0.6 -0.44 -0.19569 0.0117193 -2.15523
0.6 -0.42 -0.266213 0.0178595 -1.80972
0.6 -0.4 -0.2576 0.0213703 -1.74985
0.6 -0.38 -0.256341 0.0246 -1.64442
0.6 -0.36 -0.248862 0.00760244 -1.54113
0.6 -0.34 -0.366069 0.0176439 -2.05676
0.6 -0.32 -0.434703 0.0439969 -2.03597
0.6 -0.3 -0.267766 0.0175296 -1.34261
0.6 -0.28 -0.465541 0.0118363 -1.91412
0.6 -0.26 -0.478058 0.0170042 -1.76756
0.6 -0.24 -0.405732 0.0554285 -1.78424
0.6 -0.22 -0.490438 0.0206052 -1.6103
0.6 -0.2 -0.485186 0.0268875 -1.54118
0.6 -0.18 -0.489517 0.0301284 -1.54958
0.6 -0.16 -0.486507 0.0333053 -1.52595
0.6 -0.14 -0.485275 0.0320413 -1.42668
0.6 -0.12 -0.472167 0.0396581 -1.44926
0.6 -0.1 -0.460267 0.0394613 -1.42103
0.6 -0.08 -0.455854 0.0362621 -1.30136
0.6 -0.06 -0.439467 0.0529394 -1.29812
0.6 -0.04 -0.444287 0.0504134 -1.27237
0.6 -0.02 -0.436542 0.0543136 -1.28413
0.6 3.95517e-16 -0.421781 0.0584708 -1.2595
0.6 0.02 -0.402417 0.0543936 -1.20906
0.6 0.04 -0.394015 0.0570779 -1.2211
0.6 0.06 -0.400626 0.0647717 -1.13669
0.6 0.08 -0.378019 0.0587152 -1.22772
0.6 0.1 -0.375283 0.0752222 -1.18142
0.6 0.12 -0.385666 0.068961 -1.10985
0.6 0.14 -0.357151 0.0649498 -1.25584
0.6 0.16 -0.369246 0.0725461 -1.11637
0.6 0.18 -0.366538 0.0577626 -1.14799
0.6 0.2 -0.366281 0.0701367 -1.21328
0.6 0.22 -0.335957 0.0583428 -1.18368
0.6 0.24 -0.358574 0.0561119 -1.25217
0.6 0.26 -0.351399 0.0606474 -1.20491
0.6 0.28 -0.337537 0.0683753 -1.24465
0.62 -0.7 -0.109254 0.00374032 -1.37813
0.62 -0.68 -0.0959201 0.0506878 -0.95344
0.62 -0.66 -0.120773 0.0726699 -2.21011
0.62 -0.64 -0.050383 0.0380595 -1.97298
0.62 -0.62 -0.0801407 0.0233643 -3.3576
0.62 -0.6 -0.131898 0.00539903 -1.44101
0.62 -0.58 -0.0442937 0.0417916 -1.88556
0.62 -0.56 -0.11117 0.0212441 -2.62687
0.62 -0.54 -0.105705 0.0062114 -1.41802
0.62 -0.52 -0.104883 0.0180217 -2.48702
0.62 -0.5 -0.11204 0.012105 -1.69232
0.62 -0.48 -0.162776 0.00560925 -2.45374
0.62 -0.46 -0.104382 0.0249461 -1.62318
0.62 -0.44 -0.155056 0.011916 -2.0335
0.62 -0.42 -0.0996519 0.0195832 -1.78597
0.62 -0.4 -0.139308 0.024517 -1.96725
0.62 -0.38 -0.140593 0.00886027 -2.02444
0.62 -0.36 -0.387537 0.0292357 -1.63855
0.62 -0.34 -0.414593 0.00693799 -2.09462
0.62 -0.32 -0.338791 0.0379369 -1.37681
0.62 -0.3 -0.447859 0.0537411 -2.01378
0.62 -0.28 -0.466377 0.0117067 -1.93687
0.62 -0.26 -0.477482 0.0127038 -1.24641
0.62 -0.24 -0.484388 0.0148528 -1.85649
0.62 -0.22 -0.311583 0.0666805 -1.70657
0.62 -0.2 -0.492698 0.0227216 -1.69276
0.62 -0.18 -0.489447 0.0256759 -1.6826
0.62 -0.16 -0.485326 0.0303401 -1.54236
0.62 -0.14 -0.479734 0.0321559 -1.50437
0.62 -0.12 -0.474403 0.0352286 -1.47167
0.62 -0.1 -0.467512 0.0386911 -1.38781
0.62 -0.08 -0.462817 0.0452277 -1.33789
0.62 -0.06 -0.445108 0.0449381 -1.3222
0.62 -0.04 -0.446467 0.0535964 -1.31855
0.62 -0.02 -0.436445 0.05708 -1.28893
0.62 3.95517e-16 -0.432182 0.061709 -1.27623
0.62 0.02 -0.426766 0.0544562 -1.31347
0.62 0.04 -0.407572 0.0594304 -1.18043
0.62 0.06 -0.421179 0.0564684 -1.19852
0.62 0.08 -0.398673 0.0678869 -1.2303
0.62 0.1 -0.401961 0.0649365 -1.26812
0.62 0.12 -0.386775 0.0722003 -1.19173
0.62 0.14 -0.372331 0.0600307 -1.22436
0.62 0.16 -0.374327 0.0544279 -1.10003
0.62 0.18 -0.368737 0.0637656 -1.1809
0.62 0.2 -0.361989 0.0664305 -1.15056
0.62 0.22 -0.370549 0.0626382 -1.16827
0.62 0.24 -0.370729 0.0667264 -1.17598
0.62 0.26 -0.363406 0.0576418 -1.15616
0.62 0.28 -0.356361 0.0696518 -1.13189
0.64 -0.7 -0.132865 0.0306444 -1.26051
0.64 -0.68 -0.0915969 0.0791529 -0.910217
0.64 -0.66 -0.0673913 0.0562765 -1.28544
0.64 -0.64 -0.0749859 0.122285 -1.17383
0.64 -0.62 -0.0696658 0.0254187 -1.12368
0.64 -0.6 -0.115367 0.115215 -1.62891
0.64 -0.58 -0.105267 0.0582813 -1.75018
0.64 -0.56 -0.0972841 0.00626284 -1.52194
0.64 -0.54 -0.0623333 0.0182759 -1.39627
0.64 -0.52 -0.110663 0.0132442 -1.20607
0.64 -0.5 -0.116082 0.0217434 -2.03302
0.64 -0.48 -0.151772 0.0214844 -1.75322
0.64 -0.46 -0.129779 0.0353712 -1.51162
0.64 -0.44 -0.122529 0.0274127 -1.56377
0.64 -0.42 -0.250594 0.0240385 -1.64055
0.64 -0.4 -0.327665 0.0237576 -1.70822
0.64 -0.38 -0.167897 0.0274529 -1.92393
0.64 -0.36 -0.390579 0.0260345 -1.62008
0.64 -0.34 -0.414273 0.0089385 -2.08564
0.64 -0.32 -0.433739 0.00671128 -2.14385
0.64 -0.3 -0.454069 0.00749607 -1.31695
0.64 -0.28 -0.465218 0.00847478 -2.0872
0.64 -0.26 -0.4776 0.00968431 -2.02958
0.64 -0.24 -0.485218 0.0121387 -1.89988
0.64 -0.22 -0.41548 0.0477573 -1.86605
0.64 -0.2 -0.489773 0.0160613 -1.76097
0.64 -0.18 -0.494616 0.0178851 -1.64812
0.64 -0.16 -0.488605 0.0225943 -1.59959
0.64 -0.14 -0.484872 0.0325188 -1.5682
0.64 -0.12 -0.486583 0.0379041 -1.47678
0.64 -0.1 -0.473684 0.0365162 -1.49907
0.64 -0.08 -0.462415 0.0402818 -1.41966
0.64 -0.06 -0.46231 0.0432457 -1.34069
0.64 -0.04 -0.457962 0.047025 -1.36283
0.64 -0.02 -0.439941 0.0466336 -1.2674
0.64 3.95517e-16 -0.430688 0.044931 -1.30124
0.64 0.02 -0.42568 0.0581171 -1.22947
0.64 0.04 -0.411878 0.0534901 -1.30321
0.64 0.06 -0.427701 0.0579587 -1.22626
0.64 0.08 -0.406028 0.0659943 -1.17966
0.64 0.1 -0.393556 0.0649246 -1.15222
0.64 0.12 -0.414022 0.0676584 -1.22331
0.64 0.14 -0.386631 0.059202 -1.1964
0.64 0.16 -0.371903 0.0625406 -1.10954
0.64 0.18 -0.379014 0.0617577 -1.21614
0.64 0.2 -0.384788 0.0713567 -1.25717
0.64 0.22 -0.367766 0.0652203 -1.15732
0.64 0.24 -0.357706 0.0749788 -1.09291
0.64 0.26 -0.369282 0.0532493 -1.15034
0.64 0.28 -0.384502 0.0768856 -1.13285
0.66 -0.7 -0.0958427 0.0506825 -1.22807
0.66 -0.68 -0.127463 0.115577 -1.78613
0.66 -0.66 -0.133733 0.0641477 -0.970532
0.66 -0.64 -0.0932473 0.0107408 -2.39812
0.66 -0.62 -0.0400367 0.0731902 -1.69916
0.66 -0.6 -0.095082 0.0686155 -1.9112
0.66 -0.58 -0.104666 0.0446441 -1.52885
0.66 -0.56 -0.0903004 0.0322271 -1.88377
0.66 -0.54 -0.102119 0.0313341 -1.20147
0.66 -0.52 -0.0726129 0.0421309 -1.79801
0.66 -0.5 -0.11284 0.0470752 -1.74771
0.66 -0.48 -0.154253 0.0221681 -1.50208
0.66 -0.46 -0.119012 0.0305416 -1.77078
0.66 -0.44 -0.249925 0.0384483 -1.49291
0.66 -0.42 -0.290157 0.0350216 -1.50738
0.66 -0.4 -0.203504 0.0315561 -1.52132
0.66 -0.38 -0.286771 0.0351212 -1.68306
0.66 -0.36 -0.199287 0.0133363 -1.93315
0.66 -0.34 -0.412131 0.00917114 -1.99836
0.66 -0.32 -0.400221 0.00733165 -2.11428
0.66 -0.3 -0.180479 0.0392226 -1.56875
0.66 -0.28 -0.463664 0.00633698 -1.36826
0.66 -0.26 -0.476123 0.00790192 -1.30467
0.66 -0.24 -0.483931 0.00866287 -2.07862
0.66 -0.22 -0.492559 0.0108085 -1.9497
0.66 -0.2 -0.494516 0.0125447 -1.85684
0.66 -0.18 -0.493301 0.0188444 -1.8054
0.66 -0.16 -0.495907 0.0237723 -1.65155
0.66 -0.14 -0.48995 0.0232157 -1.6001
0.66 -0.12 -0.480974 0.0300177 -1.58173
0.66 -0.1 -0.480036 0.0336835 -1.51099
0.66 -0.08 -0.473148 0.0399173 -1.37304
0.66 -0.06 -0.462129 0.0455981 -1.35713
0.66 -0.04 -0.462328 0.0531665 -1.39617
0.66 -0.02 -0.451485 0.0568764 -1.35703
0.66 3.95517e-16 -0.446102 0.0505079 -1.33054
0.66 0.02 -0.434386 0.0532181 -1.34534
0.66 0.04 -0.427343 0.059142 -1.26243
0.66 0.06 -0.417301 0.0524457 -1.29149
0.66 0.08 -0.429044 0.0534331 -1.18298
0.66 0.1 -0.403601 0.0603501 -1.23208
0.66 0.12 -0.409586 0.0546715 -1.23241
0.66 0.14 -0.398211 0.0618525 -1.1609
0.66 0.16 -0.375845 0.072756 -1.23901
0.66 0.18 -0.399438 0.0735413 -1.23493
0.66 0.2 -0.386314 0.076877 -1.15614
0.66 0.22 -0.371435 0.065021 -1.1858
0.66 0.24 -0.393979 0.0856754 -1.16526
0.66 0.26 -0.376719 0.0651417 -1.17785
0.66 0.28 -0.371195 0.0601281 -1.15941
0.68 -0.7 -0.147391 0.220201 -1.35397
0.68 -0.68 -0.0653631 0.050921 -1.38065
0.68 -0.66 -0.139525 0.144347 -0.803605
0.68 -0.64 -0.119563 0.243572 -1.55228
0.68 -0.62 -0.0994326 0.0376653 -1.25527
0.68 -0.6 -0.077545 0.0658234 -1.21828
0.68 -0.58 -0.0342022 0.0453414 -1.67938
0.68 -0.56 -0.100901 0.128056 -0.977173
0.68 -0.54 -0.107229 0.0172822 -1.09588
0.68 -0.52 -0.08936 0.0399431 -1.62115
0.68 -0.5 -0.108703 0.0668911 -1.83457
0.68 -0.48 -0.120987 0.0111254 -1.59467
0.68 -0.46 -0.123157 0.0439739 -1.35668
0.68 -0.44 -0.179284 0.0471166 -1.66335
0.68 -0.42 -0.154656 0.0321659 -1.40292
0.68 -0.4 -0.315772 0.0417146 -1.43232
0.68 -0.38 -0.353193 0.024318 -1.64764
0.68 -0.36 -0.384685 0.0283657 -1.33892
0.68 -0.34 -0.407904 0.0385497 -1.30998
0.68 -0.32 -0.431165 0.0442996 -1.97248
0.68 -0.3 -0.449158 0.0427529 -1.66263
0.68 -0.28 -0.382422 0.00574482 -2.17727
0.68 -0.26 -0.472881 0.0697275 -2.18586
0.68 -0.24 -0.486607 0.00605487 -2.24002
0.68 -0.22 -0.490011 0.00781959 -2.07468
0.68 -0.2 -0.493375 0.0113287 -2.02686
0.68 -0.18 -0.492984 0.0133526 -1.85405
0.68 -0.16 -0.493125 0.015984 -1.76033
0.68 -0.14 -0.49347 0.0210659 -1.68357
0.68 -0.12 -0.490108 0.0240021 -1.61118
0.68 -0.1 -0.47926 0.0282661 -1.55908
0.68 -0.08 -0.476283 0.0353063 -1.40285
0.68 -0.06 -0.465718 0.0533331 -1.42243
0.68 -0.04 -0.462153 0.0355208 -1.39826
0.68 -0.02 -0.455189 0.0453581 -1.37299
0.68 3.95517e-16 -0.452056 0.045181 -1.34251
0.68 0.02 -0.430768 0.0538336 -1.33035
0.68 0.04 -0.442614 0.0503232 -1.34266
0.68 0.06 -0.42956 0.0532871 -1.2661
0.68 0.08 -0.402035 0.0698997 -1.25371
0.68 0.1 -0.431607 0.0683108 -1.27132
0.68 0.12 -0.404854 0.0560392 -1.18477
0.68 0.14 -0.397071 0.0717408 -1.18262
0.68 0.16 -0.403374 0.0437836 -1.12024
0.68 0.18 -0.39224 0.0651859 -1.21728
0.68 0.2 -0.402438 0.0605734 -1.09148
0.68 0.22 -0.390015 0.0746711 -1.25179
0.68 0.24 -0.410996 0.0731533 -1.17427
0.68 0.26 -0.391935 0.0645808 -1.1013
0.68 0.28 -0.383189 0.0640832 -1.14994
0.7 -0.7 -0.0148879 0.092102 -0.811625
0.7 -0.68 -0.0465787 0.105566 -1.02108
0.7 -0.66 -0.0914928 0.106534 -0.861851
0.7 -0.64 0.0271113 0.179641 -0.949405
0.7 -0.62 -0.0431357 0.122145 -1.26647
0.7 -0.6 0.0436908 0.0649856 -1.06122
0.7 -0.58 -0.0504134 0.0745758 -1.28724
0.7 -0.56 -0.104861 0.0190098 -0.884907
0.7 -0.54 -0.0949299 0.0371156 -1.28134
0.7 -0.52 -0.110691 0.0349728 -1.49408
0.7 -0.5 -0.108433 0.0429997 -1.32445
0.7 -0.48 -0.122674 0.0504746 -1.29221
0.7 -0.46 -0.19872 0.0207571 -1.40085
0.7 -0.44 -0.134324 0.0414626 -1.18809
0.7 -0.42 -0.286625 0.0483083 -1.26277
0.7 -0.4 -0.248794 0.0437011 -1.31691
0.7 -0.38 -0.170592 0.0354313 -1.48924
0.7 -0.36 -0.242155 0.0443761 -1.34631
0.7 -0.34 -0.408847 0.0363863 -1.72131
0.7 -0.32 -0.222293 0.0126668 -2.00725
0.7 -0.3 -0.448276 0.057708 -1.98283
0.7 -0.28 -0.463297 0.00604659 -1.19439
0.7 -0.26 -0.474738 0.00460882 -2.26973
0.7 -0.24 -0.484392 0.0050948 -2.31189
0.7 -0.22 -0.490539 0.00595468 -2.17117
0.7 -0.2 -0.494991 0.00739973 -2.05953
0.7 -0.18 -0.498397 0.0104542 -1.95877
0.7 -0.16 -0.496466 0.0131708 -1.83484
0.7 -0.14 -0.491228 0.0165974 -1.78465
0.7 -0.12 -0.488523 0.0191201 -1.68691
0.7 -0.1 -0.483894 0.0249822 -1.66987
0.7 -0.08 -0.477645 0.0264004 -1.60249
0.7 -0.06 -0.475398 0.0334704 -1.60151
0.7 -0.04 -0.469499 0.0355961 -1.42514
0.7 -0.02 -0.461315 0.0405068 -1.35373
0.7 3.95517e-16 -0.454681 0.0469083 -1.40202
0.7 0.02 -0.452027 0.044361 -1.38794
0.7 0.04 -0.443045 0.045495 -1.20893
0.7 0.06 -0.430227 0.0519685 -1.30596
0.7 0.08 -0.44317 0.0524378 -1.25596
0.7 0.1 -0.422479 0.0581724 -1.27717
0.7 0.12 -0.417345 0.0534822 -1.17024
0.7 0.14 -0.416604 0.0725398 -1.11041
0.7 0.16 -0.406906 0.0658314 -1.1872
0.7 0.18 -0.408841 0.0700599 -1.30244
0.7 0.2 -0.404611 0.0606925 -1.15398
0.7 0.22 -0.404304 0.0805137 -1.18973
0.7 0.24 -0.396655 0.062508 -1.19202
0.7 0.26 -0.387054 0.0683909 -1.19329
0.7 0.28 -0.383303 0.120426 -1.10204
0.72 -0.7 -0.00188425 0.0102998 -0.947999
0.72 -0.68 0.00704851 0.160674 -1.34863
0.72 -0.66 -0.0535233 0.156638 -1.01389
0.72 -0.64 0.0177184 0.0734712 -0.589616
0.72 -0.62 -0.0926015 0.0461821 -0.96183
0.72 -0.6 -0.108667 0.0912807 -1.62852
0.72 -0.58 0.0529447 0.100007 -1.22597
0.72 -0.56 -0.0983545 0.0473841 -1.10831
0.72 -0.54 -0.10589 0.0247319 -1.10331
0.72 -0.52 -0.070064 0.0919536 -1.05263
0.72 -0.5 -0.0987814 0.0620082 -1.34235
0.72 -0.48 -0.128243 0.0537018 -1.28878
0.72 -0.46 -0.19615 0.0508484 -1.07735
0.72 -0.44 -0.218435 0.077492 -1.10986
0.72 -0.42 -0.18733 0.0652223 -1.18769
0.72 -0.4 -0.118113 0.054681 -1.22682
0.72 -0.38 -0.240464 0.0392957 -1.27833
0.72 -0.36 -0.372817 0.03219 -1.26954
0.72 -0.34 -0.228181 0.0502893 -1.50215
0.72 -0.32 -0.395513 0.0191087 -1.21501
0.72 -0.3 -0.447938 0.0106273 -1.91497
0.72 -0.28 -0.461189 0.00847819 -2.108
0.72 -0.26 -0.472184 0.00479133 -2.32875
0.72 -0.24 -0.485543 0.00785124 -2.34216
0.72 -0.22 -0.489682 0.00540647 -2.38468
0.72 -0.2 -0.492431 0.00571942 -2.27591
0.72 -0.18 -0.495842 0.00765277 -2.05787
0.72 -0.16 -0.49966 0.00959725 -2.0344
0.72 -0.14 -0.492184 0.0127434 -1.84515
0.72 -0.12 -0.488676 0.0150937 -1.84086
0.72 -0.1 -0.485676 0.021486 -1.63366
0.72 -0.08 -0.485552 0.0268861 -1.6001
0.72 -0.06 -0.477243 0.0349148 -1.52637
0.72 -0.04 -0.472805 0.0287813 -1.53176
0.72 -0.02 -0.463608 0.0330927 -1.46081
0.72 3.95517e-16 -0.45366 0.0417608 -1.36885
0.72 0.02 -0.45255 0.0496567 -1.34462
0.72 0.04 -0.457249 0.0403615 -1.28757
0.72 0.06 -0.447988 0.0688254 -1.3785
0.72 0.08 -0.446017 0.0685839 -1.30481
0.72 0.1 -0.431864 0.0524987 -1.24501
0.72 0.12 -0.435925 0.052139 -1.27664
0.72 0.14 -0.432298 0.0622398 -1.12525
0.72 0.16 -0.41702 0.0560283 -1.17758
0.72 0.18 -0.418386 0.0672882 -1.20388
0.72 0.2 -0.403252 0.0612599 -1.15253
0.72 0.22 -0.408382 0.0619673 -1.19329
0.72 0.24 -0.393923 0.0617077 -1.16097
0.72 0.26 -0.409696 0.0797318 -1.05655
0.72 0.28 -0.404656 0.0675305 -1.05948
0.74 -0.7 0.0618023 0.191006 -1.56881
0.74 -0.68 -0.0819915 0.308565 -0.474532
0.74 -0.66 -0.0297238 0.0281399 -0.938668
0.74 -0.64 -0.0909749 0.202044 -1.33316
0.74 -0.62 -0.0575069 0.0717703 -1.48449
0.74 -0.6 0.00149784 0.0248089 -0.892274
0.74 -0.58 -0.0388738 0.0190859 -0.8356
0.74 -0.56 -0.0973107 0.107391 -0.923506
0.74 -0.54 -0.0952841 0.0599221 -1.34871
0.74 -0.52 -0.0703196 0.104836 -0.861269
0.74 -0.5 -0.0953833 0.129977 -1.68847
0.74 -0.48 -0.113045 0.0683569 -0.82182
0.74 -0.46 -0.192404 0.0556624 -1.41547
0.74 -0.44 -0.120226 0.085411 -1.08304
0.74 -0.42 -0.28186 0.0873904 -1.28336
0.74 -0.4 -0.136579 0.0726254 -1.20078
0.74 -0.38 -0.344949 0.0694709 -1.2958
0.74 -0.36 -0.355632 0.0396508 -1.29463
0.74 -0.34 -0.400406 0.0299583 -1.53663
0.74 -0.32 -0.233345 0.0231608 -1.66745
0.74 -0.3 -0.443166 0.0138283 -1.80676
0.74 -0.28 -0.458086 0.0106371 -2.00743
0.74 -0.26 -0.470498 0.00700564 -2.25683
0.74 -0.24 -0.484074 0.00401486 -1.05472
0.74 -0.22 -0.489067 0.00286812 -2.37466
0.74 -0.2 -0.494746 0.00390879 -2.36506
0.74 -0.18 -0.496992 0.00496739 -2.31663
0.74 -0.16 -0.499716 0.00777839 -2.16197
0.74 -0.14 -0.496361 0.00934082 -1.96185
0.74 -0.12 -0.494245 0.012368 -1.88724
0.74 -0.1 -0.491492 0.0182804 -1.77368
0.74 -0.08 -0.488424 0.0168781 -1.7133
0.74 -0.06 -0.486954 0.0246762 -1.64194
0.74 -0.04 -0.478427 0.0288125 -1.5117
0.74 -0.02 -0.478719 0.0328457 -1.44211
0.74 3.95517e-16 -0.474435 0.0365525 -1.4163
0.74 0.02 -0.468662 0.0375142 -1.37865
0.74 0.04 -0.457997 0.0595465 -1.41819
0.74 0.06 -0.448328 0.0438999 -1.36428
0.74 0.08 -0.440286 0.0473904 -1.26638
0.74 0.1 -0.444112 0.0505686 -1.25306
0.74 0.12 -0.439847 0.0605366 -1.21789
0.74 0.14 -0.439159 0.0606546 -1.22217
0.74 0.16 -0.430792 0.0624355 -1.21715
0.74 0.18 -0.41576 0.0547258 -1.17903
0.74 0.2 -0.410269 0.0635181 -1.21317
0.74 0.22 -0.421415 0.0667964 -1.08672
0.74 0.24 -0.401869 0.0656705 -1.23938
0.74 0.26 -0.404122 0.0679508 -0.549447
0.74 0.28 -0.4158 0.0737282 -0.775266
0.76 -0.7 0.0285453 0.201911 -1.47493
0.76 -0.68 -0.03329 0.129197 -0.542007
0.76 -0.66 0.0464868 0.0935191 -1.66251
0.76 -0.64 -0.0881879 0.13012 -1.07204
0.76 -0.62 -0.113511 0.0961499 -1.18405
0.76 -0.6 -0.0926299 0.170094 -0.550047
0.76 -0.58 -0.0564144 0.132119 -1.31147
0.76 -0.56 -0.0518432 0.207896 -0.773923
0.76 -0.54 -0.0886005 0.0520094 -1.04063
0.76 -0.52 -0.0663482 0.10034 -1.51502
0.76 -0.5 -0.0978948 0.14488 -0.821132
0.76 -0.48 -0.100229 0.0820104 -1.67142
0.76 -0.46 -0.171346 0.0419346 -0.802087
0.76 -0.44 -0.203779 0.0957855 -0.924996
0.76 -0.42 -0.266117 0.0883637 -0.987357
0.76 -0.4 -0.273669 0.0898404 -1.00346
0.76 -0.38 -0.340533 0.0756521 -1.15008
0.76 -0.36 -0.316165 0.0600526 -1.25885
0.76 -0.34 -0.388693 0.0831149 -1.10941
0.76 -0.32 -0.404897 0.0296339 -1.5421
0.76 -0.3 -0.437879 0.0209827 -1.66861
0.76 -0.28 -0.458333 0.0147348 -1.85383
0.76 -0.26 -0.469722 0.00840307 -1.99622
0.76 -0.24 -0.482583 0.00622201 -2.37237
0.76 -0.22 -0.490712 0.00205106 -2.50552
0.76 -0.2 -0.491632 0.0025431 -2.65301
0.76 -0.18 -0.4974 0.00310212 -2.51622
0.76 -0.16 -0.499516 0.00507186 -2.34214
0.76 -0.14 -0.498968 0.00621064 -2.14496
0.76 -0.12 -0.494437 0.0101939 -1.94605
0.76 -0.1 -0.494341 0.0124564 -1.83425
0.76 -0.08 -0.488564 0.0164018 -1.78307
0.76 -0.06 -0.483425 0.0192651 -1.59507
0.76 -0.04 -0.483963 0.0232659 -1.62529
0.76 -0.02 -0.470204 0.0302846 -1.60153
0.76 3.95517e-16 -0.475323 0.0387428 -1.504
0.76 0.02 -0.467163 0.0354421 -1.47601
0.76 0.04 -0.465425 0.036949 -1.42568
0.76 0.06 -0.455618 0.0480117 -1.36833
0.76 0.08 -0.458079 0.0456082 -1.31557
0.76 0.1 -0.44329 0.0474657 -1.32023
0.76 0.12 -0.446048 0.0522916 -1.29594
0.76 0.14 -0.436692 0.053657 -1.2809
0.76 0.16 -0.442409 0.0706085 -1.25335
0.76 0.18 -0.43145 0.0632352 -1.28132
0.76 0.2 -0.423067 0.0649897 -1.12865
0.76 0.22 -0.429804 0.0640449 -1.17684
0.76 0.24 -0.41268 0.0740122 -1.19546
0.76 0.26 -0.422044 0.0683714 -1.23261
0.76 0.28 -0.42 0.074045 -1.14052
0.78 -0.7 0.0591722 0.254529 -1.72707
0.78 -0.68 -0.0573122 0.121898 -0.896448
0.78 -0.66 -0.122646 0.20548 -1.22614
0.78 -0.64 -0.0683843 0.389791 -0.486591
0.78 -0.62 -0.0174631 0.0506743 -1.14768
0.78 -0.6 0.0149222 0.0579139 -1.74711
0.78 -0.58 -0.0781029 0.23978 -0.561042
0.78 -0.56 -0.0176937 0.0641273 -0.472896
0.78 -0.54 -0.0910334 0.263269 -1.16073
0.78 -0.52 -0.0398699 0.0824155 -0.674674
0.78 -0.5 -0.0818061 0.125561 -0.93639
0.78 -0.48 -0.104371 0.217499 -0.735976
0.78 -0.46 -0.171695 0.168674 -0.812537
0.78 -0.44 -0.155626 0.147704 -0.88958
0.78 -0.42 -0.231995 0.135888 -0.872481
0.78 -0.4 -0.303612 0.106317 -0.983623
0.78 -0.38 -0.315632 0.0811114 -1.05476
0.78 -0.36 -0.338979 0.089106 -1.11798
0.78 -0.34 -0.398182 0.0895906 -1.28424
0.78 -0.32 -0.366495 0.0922466 -1.42168
0.78 -0.3 -0.437553 0.0289294 -1.54852
0.78 -0.28 -0.455988 0.017409 -1.75663
0.78 -0.26 -0.470628 0.0127242 -1.89284
0.78 -0.24 -0.477451 0.00532157 -2.18549
0.78 -0.22 -0.488381 0.00380498 -2.38999
0.78 -0.2 -0.493842 0.00206319 -2.73451
0.78 -0.18 -0.496762 0.00234218 -2.67166
0.78 -0.16 -0.499094 0.0030762 -2.60543
0.78 -0.14 -0.499604 0.00656928 -2.31999
0.78 -0.12 -0.497471 0.0071056 -2.18277
0.78 -0.1 -0.494517 0.010492 -1.9739
0.78 -0.08 -0.491278 0.0173426 -1.82746
0.78 -0.06 -0.4884 0.0171855 -1.8416
0.78 -0.04 -0.47932 0.021297 -1.6799
0.78 -0.02 -0.48733 0.026972 -1.60895
0.78 3.95517e-16 -0.475319 0.0273508 -1.46597
0.78 0.02 -0.468621 0.0360721 -1.49328
0.78 0.04 -0.475774 0.0419615 -1.41738
0.78 0.06 -0.465479 0.0386164 -1.44642
0.78 0.08 -0.452953 0.0725026 -1.36699
0.78 0.1 -0.459482 0.0478826 -1.25204
0.78 0.12 -0.453825 0.0454706 -1.28981
0.78 0.14 -0.447597 0.0449382 -1.23849
0.78 0.16 -0.441291 0.0498044 -1.27963
0.78 0.18 -0.439997 0.0624928 -1.24375
0.78 0.2 -0.430516 0.0560557 -1.2681
0.78 0.22 -0.437133 0.065807 -1.20535
0.78 0.24 -0.422291 0.0722957 -1.18215
0.78 0.26 -0.422812 0.0742684 -1.12914
0.78 0.28 -0.437284 0.0650827 -1.18169
0.8 -0.7 -0.0212184 0.0202411 -0.593675
0.8 -0.68 -0.0512404 0.27991 -0.611301
0.8 -0.66 -0.0107076 0.200585 -0.846051
0.8 -0.64 -0.0179165 0.124197 -1.52808
0.8 -0.62 -0.0706322 0.0644712 -0.544553
0.8 -0.6 -0.0194101 0.0601759 -0.713164
0.8 -0.58 -0.0833376 0.122581 -0.785357
0.8 -0.56 0.0023863 0.0610779 -0.653172
0.8 -0.54 -0.0603762 0.376265 -0.953139
0.8 -0.52 -0.0676294 0.161132 -0.592721
0.8 -0.5 -0.0879658 0.123458 -0.928791
0.8 -0.48 -0.141094 0.166279 -0.971158
0.8 -0.46 -0.0889924 0.0954639 -0.655313
0.8 -0.44 -0.21086 0.165902 -0.866144
0.8 -0.42 -0.224651 0.154096 -0.865264
0.8 -0.4 -0.300873 0.115632 -0.90401
0.8 -0.38 -0.339877 0.105492 -1.00701
0.8 -0.36 -0.282989 0.0788481 -1.08581
0.8 -0.34 -0.312316 0.0674468 -1.19979
0.8 -0.32 -0.416137 0.0715854 -1.3413
0.8 -0.3 -0.31558 0.0362725 -1.48719
0.8 -0.28 -0.449396 0.0260411 -1.56698
0.8 -0.26 -0.465158 0.0171609 -1.83844
0.8 -0.24 -0.475187 0.0103513 -1.96885
0.8 -0.22 -0.484326 0.00578292 -2.17971
0.8 -0.2 -0.493633 0.00316697 -2.67136
0.8 -0.18 -0.495194 0.00123989 -2.67187
0.8 -0.16 -0.499116 0.00125379 -2.7813
0.8 -0.14 -0.499494 0.00262079 -2.56143
0.8 -0.12 -0.497083 0.00465479 -2.35367
0.8 -0.1 -0.495692 0.0072596 -2.13946
0.8 -0.08 -0.492663 0.0104657 -1.99359
0.8 -0.06 -0.489838 0.013214 -1.81142
0.8 -0.04 -0.49252 0.0170181 -1.73964
0.8 -0.02 -0.490675 0.0200689 -1.68924
0.8 3.95517e-16 -0.483556 0.0289113 -1.65112
0.8 0.02 -0.47621 0.0315703 -1.54708
0.8 0.04 -0.471431 0.0325877 -1.49486
0.8 0.06 -0.469721 0.0374465 -1.40947
0.8 0.08 -0.463683 0.0492867 -1.38916
0.8 0.1 -0.457129 0.0459143 -1.31602
0.8 0.12 -0.457712 0.0632826 -1.36246
0.8 0.14 -0.458561 0.0572772 -1.32704
0.8 0.16 -0.452734 0.0504551 -1.31729
0.8 0.18 -0.445575 0.0602797 -1.31769
0.8 0.2 -0.438562 0.0707576 -1.32319
0.8 0.22 -0.434765 0.0618067 -1.28838
0.8 0.24 -0.44233 0.0595979 -1.20498
0.8 0.26 -0.429359 0.0651484 -1.17745
0.8 0.28 -0.431983 0.0622281 -1.15865
0.82 -0.7 -0.105524 0.227818 -1.05201
0.82 -0.68 0.0276773 0.104598 -0.479642
0.82 -0.66 0.00811023 0.0899159 -1.17584
0.82 -0.64 -0.013434 0.369665 -0.284452
0.82 -0.62 0.0257249 0.276401 -0.389698
0.82 -0.6 0.0672441 0.434616 -0.526269
0.82 -0.58 0.0736543 0.350436 -1.14187
0.82 -0.56 0.0302185 0.162017 -0.749269
0.82 -0.54 -0.0368228 0.167613 -0.591374
0.82 -0.52 -0.0181054 0.245317 -0.76567
0.82 -0.5 -0.0689889 0.166342 -0.813001
0.82 -0.48 -0.0842673 0.254248 -0.676168
0.82 -0.46 -0.175515 0.214921 -0.578355
0.82 -0.44 -0.227078 0.190426 -0.653183
0.82 -0.42 -0.16507 0.131561 -0.762401
0.82 -0.4 -0.182125 0.143332 -0.826961
0.82 -0.38 -0.317619 0.125688 -0.895301
0.82 -0.36 -0.292678 0.0986499 -0.964313
0.82 -0.34 -0.213238 0.0866589 -0.971406
0.82 -0.32 -0.402542 0.0603639 -1.18406
0.82 -0.3 -0.42976 0.0455548 -1.37337
0.82 -0.28 -0.450157 0.0328652 -1.48412
0.82 -0.26 -0.462719 0.0216509 -1.64046
0.82 -0.24 -0.474255 0.014305 -1.89776
0.82 -0.22 -0.481867 0.00749165 -2.18427
0.82 -0.2 -0.492269 0.00360509 -2.32722
0.82 -0.18 -0.492801 0.00217402 -2.70557
0.82 -0.16 -0.497771 0.000921542 -2.98505
0.82 -0.14 -0.499947 0.00116604 -2.92214
0.82 -0.12 -0.49872 0.00266243 -2.51811
0.82 -0.1 -0.499637 0.00439206 -2.31519
0.82 -0.08 -0.499288 0.00626892 -2.17709
0.82 -0.06 -0.494086 0.0108024 -1.92213
0.82 -0.04 -0.491778 0.0174182 -1.93149
0.82 -0.02 -0.484594 0.0183259 -1.71569
0.82 3.95517e-16 -0.481538 0.0206566 -1.63182
0.82 0.02 -0.48474 0.0271692 -1.6563
0.82 0.04 -0.484061 0.0285416 -1.51881
0.82 0.06 -0.464593 0.0304981 -1.45323
0.82 0.08 -0.472174 0.0369802 -1.43118
0.82 0.1 -0.464309 0.0401491 -1.36919
0.82 0.12 -0.461831 0.0387096 -1.23399
0.82 0.14 -0.456319 0.0627132 -1.35955
0.82 0.16 -0.458842 0.0487003 -1.33381
0.82 0.18 -0.441645 0.0524697 -1.26682
0.82 0.2 -0.449922 0.0494221 -1.32223
0.82 0.22 -0.446981 0.0639963 -1.3103
0.82 0.24 -0.424199 0.0730805 -1.20293
0.82 0.26 -0.44617 0.0620846 -1.24397
0.82 0.28 -0.431733 0.0558617 -1.14421
0.84 -0.7 0.228357 0.189403 -1.06909
0.84 -0.68 0.00030064 0.560312 -0.457285
0.84 -0.66 0.0527625 0.677676 -1.03869
0.84 -0.64 0.0229457 0.200022 -0.384626
0.84 -0.62 0.0490375 0.328577 -0.52497
0.84 -0.6 0.0686171 0.463587 -0.310529
0.84 -0.58 0.0277892 0.0948136 -0.569786
0.84 -0.56 0.000863967 0.410282 -0.543192
0.84 -0.54 -0.0544532 0.103327 -0.448845
0.84 -0.52 -0.0695371 0.456947 -0.707208
0.84 -0.5 -0.0589738 0.263816 -0.946831
0.84 -0.48 -0.106884 0.167921 -0.650283
0.84 -0.46 -0.168055 0.350861 -0.798278
0.84 -0.44 -0.207523 0.139328 -0.588731
0.84 -0.42 -0.216295 0.197963 -0.699764
0.84 -0.4 -0.150322 0.17447 -0.895577
0.84 -0.38 -0.321575 0.154078 -0.839594
0.84 -0.36 -0.359007 0.144852 -0.936906
0.84 -0.34 -0.338971 0.0942789 -0.977991
0.84 -0.32 -0.385469 0.0745881 -1.14471
0.84 -0.3 -0.430853 0.0609064 -1.23652
0.84 -0.28 -0.440748 0.039942 -1.35547
0.84 -0.26 -0.460991 0.0321179 -1.54796
0.84 -0.24 -0.472534 0.0290901 -1.71124
0.84 -0.22 -0.478205 0.0114563 -1.96987
0.84 -0.2 -0.48931 0.00544656 -2.23674
0.84 -0.18 -0.493664 0.00303024 -2.44356
0.84 -0.16 -0.497586 0.00102924 -3.11096
0.84 -0.14 -0.49858 0.00125897 -3.27795
0.84 -0.12 -0.500646 0.00110978 -2.96537
0.84 -0.1 -0.499893 0.00239477 -2.54902
0.84 -0.08 -0.498647 0.00460158 -2.24751
0.84 -0.06 -0.495565 0.00714791 -2.12793
0.84 -0.04 -0.490591 0.00971253 -1.92484
0.84 -0.02 -0.49143 0.0148983 -1.83898
0.84 3.95517e-16 -0.487618 0.0175295 -1.70342
0.84 0.02 -0.48619 0.0199209 -1.68107
0.84 0.04 -0.477487 0.0244323 -1.6024
0.84 0.06 -0.473982 0.0294986 -1.63674
0.84 0.08 -0.475572 0.0285537 -1.49739
0.84 0.1 -0.471387 0.0336281 -1.5412
0.84 0.12 -0.468815 0.0339478 -1.31499
0.84 0.14 -0.462389 0.0410851 -1.3399
0.84 0.16 -0.465867 0.0503927 -1.36659
0.84 0.18 -0.455864 0.047178 -1.31586
0.84 0.2 -0.462025 0.049788 -1.24013
0.84 0.22 -0.439139 0.0537374 -1.29543
0.84 0.24 -0.458483 0.052558 -1.25831
0.84 0.26 -0.439318 0.06885 -1.25929
0.84 0.28 -0.437322 0.0612718 -1.17319
0.86 -0.7 0.0166089 0.510891 -0.569174
0.86 -0.68 0.139934 0.510942 -0.239054
0.86 -0.66 0.0338017 0.45482 -0.615178
0.86 -0.64 -0.014883 0.0478859 -0.338702
0.86 -0.62 0.0264071 0.149246 -0.343096
0.86 -0.6 -0.0136559 0.0659115 -1.35178
0.86 -0.58 -0.0232818 0.435994 -0.664361
0.86 -0.56 -0.0388734 0.363029 -0.418414
0.86 -0.54 -0.0712527 0.572508 -1.17559
0.86 -0.52 -0.00996168 0.181618 -0.657932
0.86 -0.5 -0.0555878 0.267956 -0.716573
0.86 -0.48 -0.11166 0.336947 -0.522321
0.86 -0.46 -0.152685 0.302808 -0.636571
0.86 -0.44 -0.181348 0.199052 -0.563837
0.86 -0.42 -0.121586 0.231562 -0.66872
0.86 -0.4 -0.222526 0.198331 -0.675517
0.86 -0.38 -0.15121 0.163531 -0.760707
0.86 -0.36 -0.307902 0.13808 -0.848481
0.86 -0.34 -0.378834 0.111568 -0.946058
0.86 -0.32 -0.405965 0.094206 -1.07754
0.86 -0.3 -0.422116 0.0649414 -1.15997
0.86 -0.28 -0.436206 0.0546779 -1.31144
0.86 -0.26 -0.439314 0.0358898 -1.43145
0.86 -0.24 -0.468907 0.0260116 -1.57417
0.86 -0.22 -0.477492 0.0162464 -1.77515
0.86 -0.2 -0.48834 0.00931053 -1.96742
0.86 -0.18 -0.49133 0.00606295 -2.29091
0.86 -0.16 -0.496883 0.00266972 -2.71624
0.86 -0.14 -0.499846 0.000473991 -3.24289
0.86 -0.12 -0.499876 0.000287479 -3.41714
0.86 -0.1 -0.499973 0.00123547 -2.9414
0.86 -0.08 -0.49882 0.00255765 -2.56358
0.86 -0.06 -0.496348 0.00514195 -2.31254
0.86 -0.04 -0.496638 0.00677009 -2.08225
0.86 -0.02 -0.4936 0.0120191 -1.96698
0.86 3.95517e-16 -0.492291 0.0143794 -1.84846
0.86 0.02 -0.480445 0.0178107 -1.71168
0.86 0.04 -0.476162 0.0202606 -1.73754
0.86 0.06 -0.480495 0.0261117 -1.60346
0.86 0.08 -0.482858 0.0273571 -1.58108
0.86 0.1 -0.472915 0.0399699 -1.40581
0.86 0.12 -0.465597 0.033144 -1.51234
0.86 0.14 -0.465032 0.0418629 -1.48491
0.86 0.16 -0.459501 0.0468051 -1.43095
0.86 0.18 -0.467021 0.0438747 -1.34996
0.86 0.2 -0.463435 0.0457109 -1.29917
0.86 0.22 -0.45413 0.0494064 -1.33017
0.86 0.24 -0.456758 0.0601034 -1.31451
0.86 0.26 -0.449371 0.0558799 -1.19218
0.86 0.28 -0.452233 0.0517384 -1.2606
0.88 -0.7 0.030939 0.447406 -0.195678
0.88 -0.68 -0.0303908 0.362363 -0.98958
0.88 -0.66 0.0976202 0.183571 -0.436152
0.88 -0.64 -0.0892594 0.382893 -0.403051
0.88 -0.62 -0.0590034 0.364642 -0.408473
0.88 -0.6 0.14293 0.289864 -0.321599
0.88 -0.58 0.0511979 0.409344 -0.337809
0.88 -0.56 -0.0310252 0.393804 -0.322102
0.88 -0.54 0.0223544 0.36596 -0.542757
0.88 -0.52 -0.0426254 0.131878 -0.363574
0.88 -0.5 -0.0617148 0.434708 -0.455271
0.88 -0.48 -0.0864462 0.11453 -0.880666
0.88 -0.46 -0.142049 0.298324 -0.537197
0.88 -0.44 -0.169903 0.284718 -0.50813
0.88 -0.42 -0.246581 0.257793 -0.744906
0.88 -0.4 -0.176033 0.24037 -0.686948
0.88 -0.38 -0.251677 0.203444 -0.717532
0.88 -0.36 -0.282311 0.174637 -0.79103
0.88 -0.34 -0.367465 0.134837 -0.915382
0.88 -0.32 -0.394698 0.107018 -0.985889
0.88 -0.3 -0.300755 0.0935527 -1.11249
0.88 -0.28 -0.443424 0.0653515 -1.16379
0.88 -0.26 -0.452824 0.0438603 -1.29676
0.88 -0.24 -0.463277 0.0361576 -1.51505
0.88 -0.22 -0.471244 0.0266237 -1.62087
0.88 -0.2 -0.483917 0.0133572 -1.84313
0.88 -0.18 -0.489059 0.00774861 -2.1148
0.88 -0.16 -0.491868 0.00414889 -2.42096
0.88 -0.14 -0.497853 0.00134192 -2.84326
0.88 -0.12 -0.499431 0.000281039 -3.49336
0.88 -0.1 -0.500416 0.000288597 -3.49598
0.88 -0.08 -0.500244 0.00129763 -2.76036
0.88 -0.06 -0.498951 0.00251032 -2.5756
0.88 -0.04 -0.497078 0.00534124 -2.22998
0.88 -0.02 -0.495594 0.00812263 -2.08906
0.88 3.95517e-16 -0.496049 0.0106305 -1.94473
0.88 0.02 -0.49174 0.0127999 -1.77151
0.88 0.04 -0.487298 0.0214406 -1.74851
0.88 0.06 -0.485068 0.0228265 -1.67056
0.88 0.08 -0.481782 0.0210292 -1.62276
0.88 0.1 -0.483729 0.0269309 -1.57408
0.88 0.12 -0.479177 0.0363825 -1.50037
0.88 0.14 -0.476545 0.0378961 -1.45466
0.88 0.16 -0.476086 0.0394506 -1.36851
0.88 0.18 -0.46965 0.0434281 -1.41407
0.88 0.2 -0.472053 0.0655339 -1.40965
0.88 0.22 -0.459476 0.0451538 -1.32889
0.88 0.24 -0.455307 0.0479189 -1.24744
0.88 0.26 -0.459879 0.0577318 -1.18942
0.88 0.28 -0.452998 0.0615485 -1.1814
0.9 -0.7 0.182869 0.669821 -0.358259
0.9 -0.68 -0.000326431 0.583104 -0.697842
0.9 -0.66 0.105482 0.484255 -0.635634
0.9 -0.64 0.0630098 0.204297 -0.167592
0.9 -0.62 0.0304845 0.868052 -0.0229801
0.9 -0.6 -0.09184 0.752339 -0.231297
0.9 -0.58 -0.0227891 0.540664 -0.263291
0.9 -0.56 0.0655649 0.365597 -0.225331
0.9 -0.54 0.000197503 0.366749 -0.497658
0.9 -0.52 -0.0291594 0.315203 -0.378961
0.9 -0.5 -0.0379596 0.491171 -0.268608
0.9 -0.48 -0.0713585 0.284464 -0.523145
0.9 -0.46 -0.122462 0.292751 -0.405686
0.9 -0.44 -0.194748 0.339562 -0.640208
0.9 -0.42 -0.224367 0.302965 -0.642314
0.9 -0.4 -0.271457 0.265817 -0.612496
0.9 -0.38 -0.318965 0.229402 -0.646643
0.9 -0.36 -0.331968 0.203056 -0.703344
0.9 -0.34 -0.369597 0.162354 -0.778232
0.9 -0.32 -0.320388 0.119224 -0.854761
0.9 -0.3 -0.412248 0.109051 -0.991881
0.9 -0.28 -0.433254 0.0759395 -0.995529
0.9 -0.26 -0.448981 0.0581629 -1.24139
0.9 -0.24 -0.454108 0.0488701 -1.32492
0.9 -0.22 -0.472516 0.0339852 -1.49307
0.9 -0.2 -0.481863 0.0215782 -1.68898
0.9 -0.18 -0.479772 0.013004 -1.89427
0.9 -0.16 -0.496876 0.00725652 -2.13991
0.9 -0.14 -0.496356 0.00341773 -2.49236
0.9 -0.12 -0.499649 0.00114555 -3.01731
0.9 -0.1 -0.499215 0.000120082 -3.88263
0.9 -0.08 -0.500103 0.000311294 -3.56241
0.9 -0.06 -0.498856 0.00161754 -2.88875
0.9 -0.04 -0.499508 0.0032403 -2.46351
0.9 -0.02 -0.498459 0.00438515 -2.2494
0.9 3.95517e-16 -0.492804 0.0079931 -2.10186
0.9 0.02 -0.492904 0.010112 -1.96915
0.9 0.04 -0.486167 0.0173054 -1.80247
0.9 0.06 -0.48718 0.0176969 -1.73967
0.9 0.08 -0.48298 0.0193972 -1.68916
0.9 0.1 -0.484473 0.0257057 -1.43959
0.9 0.12 -0.481869 0.0270419 -1.56378
0.9 0.14 -0.472122 0.031485 -1.54189
0.9 0.16 -0.476182 0.0408042 -1.50858
0.9 0.18 -0.470794 0.0386532 -1.45946
0.9 0.2 -0.47357 0.0411364 -1.43069
0.9 0.22 -0.467263 0.0434163 -1.38487
0.9 0.24 -0.471315 0.0558171 -1.07319
0.9 0.26 -0.462355 0.0454182 -1.28649
0.9 0.28 -0.452022 0.0545987 -1.26071
0.92 -0.7 -0.0403764 0.319665 -0.12121
0.92 -0.68 0.0621413 0.73127 -0.217214
0.92 -0.66 0.0138191 0.734444 -0.116059
0.92 -0.64 0.0834633 0.357388 -0.140235
0.92 -0.62 0.0529706 0.764433 -0.622695
0.92 -0.6 0.208264 0.437778 -0.311193
0.92 -0.58 -0.00833805 0.490458 -0.100065
0.92 -0.56 0.0227249 0.618402 -0.323151
0.92 -0.54 -0.0184978 0.62623 -0.345343
0.92 -0.52 -0.0181048 0.359485 -0.154605
0.92 -0.5 -0.046062 0.563262 -0.213716
0.92 -0.48 -0.076405 0.468673 -0.281668
0.92 -0.46 -0.133712 0.41493 -0.413229
0.92 -0.44 -0.159353 0.32809 -0.388065
0.92 -0.42 -0.232378 0.280794 -0.534053
0.92 -0.4 -0.259574 0.282774 -0.520483
0.92 -0.38 -0.294236 0.268323 -0.59377
0.92 -0.36 -0.334138 0.221376 -0.546118
0.92 -0.34 -0.358383 0.188056 -0.77921
0.92 -0.32 -0.380832 0.147347 -0.778388
0.92 -0.3 -0.208529 0.121325 -0.89629
0.92 -0.28 -0.298098 0.0946331 -1.00815
0.92 -0.26 -0.442017 0.0794225 -1.07634
0.92 -0.24 -0.455925 0.0517317 -1.28505
0.92 -0.22 -0.468955 0.0396806 -1.41718
0.92 -0.2 -0.47447 0.029241 -1.57488
0.92 -0.18 -0.485161 0.0168063 -1.73317
0.92 -0.16 -0.489019 0.0114278 -1.96478
0.92 -0.14 -0.492273 0.00609583 -2.22091
0.92 -0.12 -0.498792 0.0026105 -2.58848
0.92 -0.1 -0.499597 0.000788661 -3.13983
0.92 -0.08 -0.499681 3.9963e-05 -4.36014
0.92 -0.06 -0.499791 0.000295004 -3.49768
0.92 -0.04 -0.499054 0.00134572 -2.8906
0.92 -0.02 -0.499156 0.00323837 -2.39839
0.92 3.95517e-16 -0.497437 0.00524923 -2.32976
0.92 0.02 -0.493981 0.0100706 -2.09416
0.92 0.04 -0.496114 0.0104737 -1.91289
0.92 0.06 -0.490239 0.0137805 -1.84252
0.92 0.08 -0.48564 0.0190055 -1.711
0.92 0.1 -0.48754 0.0193532 -1.74731
0.92 0.12 -0.482628 0.0242856 -1.62953
0.92 0.14 -0.486506 0.0277517 -1.55869
0.92 0.16 -0.475322 0.0316113 -1.44919
0.92 0.18 -0.474317 0.0372787 -1.47865
0.92 0.2 -0.481655 0.0434897 -1.37349
0.92 0.22 -0.471675 0.0400889 -1.30112
0.92 0.24 -0.468723 0.0481376 -1.42724
0.92 0.26 -0.472729 0.0622449 -1.20636
0.92 0.28 -0.464708 0.0530105 -1.32475
0.94 -0.7 0.181731 0.843425 -0.272625
0.94 -0.68 0.265139 0.40631 -1.34707
0.94 -0.66 0.256963 0.724765 -0.282111
0.94 -0.64 0.0528476 0.526346 -0.507952
0.94 -0.62 0.0516882 0.762059 -0.280231
0.94 -0.6 0.0721305 0.836155 -0.270811
0.94 -0.58 0.156338 1.00806 -0.500411
0.94 -0.56 0.0663829 0.505437 -0.123274
0.94 -0.54 0.0359755 0.476352 -0.232094
0.94 -0.52 -0.0269568 0.350371 -0.175955
0.94 -0.5 -0.0335346 0.181679 -0.214563
0.94 -0.48 -0.0688025 0.310198 -0.533572
0.94 -0.46 -0.135101 0.511046 -0.286341
0.94 -0.44 -0.132299 0.289126 -0.300131
0.94 -0.42 -0.220214 0.342058 -0.390064
0.94 -0.4 -0.214946 0.409603 -0.443314
0.94 -0.38 -0.286795 0.301445 -0.482158
0.94 -0.36 -0.326291 0.252024 -0.583198
0.94 -0.34 -0.360477 0.205411 -0.661789
0.94 -0.32 -0.385711 0.170868 -0.751029
0.94 -0.3 -0.389329 0.137002 -0.798087
0.94 -0.28 -0.420927 0.114568 -0.94908
0.94 -0.26 -0.43454 0.0931488 -1.06594
0.94 -0.24 -0.460423 0.0693647 -1.16773
0.94 -0.22 -0.469054 0.0484495 -1.28124
0.94 -0.2 -0.47317 0.0346567 -1.44598
0.94 -0.18 -0.480796 0.0277252 -1.59945
0.94 -0.16 -0.490414 0.0165228 -1.78899
0.94 -0.14 -0.496445 0.00987939 -1.99477
0.94 -0.12 -0.495377 0.00564562 -2.26665
0.94 -0.1 -0.496811 0.00239687 -2.643
0.94 -0.08 -0.499577 0.000586433 -3.24099
0.94 -0.06 -0.499955 1.66813e-05 -4.80725
0.94 -0.04 -0.499787 0.000346522 -3.46035
0.94 -0.02 -0.499351 0.00162721 -2.7994
0.94 3.95517e-16 -0.498215 0.00331988 -2.50867
0.94 0.02 -0.498369 0.0051956 -2.20857
0.94 0.04 -0.494338 0.00797809 -2.14307
0.94 0.06 -0.491918 0.0114226 -2.01211
0.94 0.08 -0.494529 0.0134814 -1.88943
0.94 0.1 -0.489777 0.0162763 -1.67861
0.94 0.12 -0.488567 0.0204179 -1.75407
0.94 0.14 -0.490036 0.0228427 -1.6076
0.94 0.16 -0.484793 0.0268921 -1.62539
0.94 0.18 -0.480637 0.0341463 -1.53008
0.94 0.2 -0.478936 0.0281359 -1.45527
0.94 0.22 -0.478606 0.0373834 -1.3954
0.94 0.24 -0.475948 0.0526048 -1.34396
0.94 0.26 -0.463628 0.0425723 -1.2904
0.94 0.28 -0.471986 0.0572421 -1.33569
0.96 -0.7 0.224384 0.637518 -0.115399
0.96 -0.68 -0.0030396 0.837071 0.00667641
0.96 -0.66 0.0607732 0.694749 -0.0792581
0.96 -0.64 0.224723 0.97462 -0.437915
0.96 -0.62 0.0870484 0.673397 -0.0371815
0.96 -0.6 0.10224 1.08091 -0.0684425
0.96 -0.58 0.051563 0.925622 -0.380704
0.96 -0.56 0.0813008 0.904835 -0.165345
0.96 -0.54 0.0834306 0.931354 -0.154431
0.96 -0.52 0.034719 0.518174 -0.0873422
0.96 -0.5 -0.0220273 0.409241 -0.0862637
0.96 -0.48 -0.0579545 0.628078 -0.411957
0.96 -0.46 -0.118368 0.480444 -0.441515
0.96 -0.44 -0.130213 0.484759 -0.312419
0.96 -0.42 -0.221111 0.42379 -0.370789
0.96 -0.4 -0.257279 0.369499 -0.391753
0.96 -0.38 -0.197439 0.326027 -0.484461
0.96 -0.36 -0.320995 0.307959 -0.567948
0.96 -0.34 -0.345588 0.2459 -0.575314
0.96 -0.32 -0.375666 0.208139 -0.693655
0.96 -0.3 -0.399536 0.173517 -0.764514
0.96 -0.28 -0.421966 0.133074 -0.861981
0.96 -0.26 -0.420324 0.104179 -0.968865
0.96 -0.24 -0.444215 0.081155 -1.09755
0.96 -0.22 -0.465659 0.0666366 -1.16421
0.96 -0.2 -0.46926 0.0476883 -1.2884
0.96 -0.18 -0.480139 0.0361246 -1.47849
0.96 -0.16 -0.483776 0.0257383 -1.62503
0.96 -0.14 -0.486832 0.0147582 -1.83333
0.96 -0.12 -0.49406 0.00845995 -2.01914
0.96 -0.1 -0.497207 0.00490197 -2.2927
0.96 -0.08 -0.499006 0.00216995 -2.66175
0.96 -0.06 -0.499337 0.000499881 -3.32775
0.96 -0.04 -0.500026 2.35181e-06 -5.64797
0.96 -0.02 -0.500203 0.000378959 -3.47074
0.96 3.95517e-16 -0.498908 0.00137641 -2.81033
0.96 0.02 -0.499008 0.00299478 -2.46274
0.96 0.04 -0.495385 0.00540538 -2.26888
0.96 0.06 -0.497783 0.00700324 -2.07917
0.96 0.08 -0.495275 0.00909322 -2.00652
0.96 0.1 -0.490021 0.0143 -1.76694
0.96 0.12 -0.488765 0.0182828 -1.86366
0.96 0.14 -0.488042 0.021197 -1.63813
0.96 0.16 -0.485062 0.0220251 -1.61015
0.96 0.18 -0.489564 0.0293858 -1.58758
0.96 0.2 -0.485018 0.0309557 -1.48927
0.96 0.22 -0.473061 0.0320027 -1.42578
0.96 0.24 -0.483279 0.036226 -1.40795
0.96 0.26 -0.474223 0.0406029 -1.33163
0.96 0.28 -0.471435 0.0435926 -1.37639
0.98 -0.7 0.0697234 1.01048 -0.946548
0.98 -0.68 0.347401 1.43308 0.147649
0.98 -0.66 0.0776242 1.18476 -0.263701
0.98 -0.64 -0.0453565 0.570281 0.193973
0.98 -0.62 0.234675 0.647608 -0.176928
0.98 -0.6 0.138442 0.385614 -0.180683
0.98 -0.58 0.1427 0.214586 -0.656456
0.98 -0.56 0.0987083 0.892672 -0.110962
0.98 -0.54 0.0638729 0.556239 -0.0133845
0.98 -0.52 0.00446975 0.63501 -0.162886
0.98 -0.5 -0.00417561 0.650621 -0.500077
0.98 -0.48 -0.0426765 0.786669 -0.131748
0.98 -0.46 -0.111649 0.66186 -0.218985
0.98 -0.44 -0.100618 0.588742 -0.412429
0.98 -0.42 -0.193307 0.43918 -0.308166
0.98 -0.4 -0.174311 0.455147 -0.371968
0.98 -0.38 -0.2725 0.381613 -0.382486
0.98 -0.36 -0.215373 0.304114 -0.470289
0.98 -0.34 -0.334475 0.274445 -0.506139
0.98 -0.32 -0.305835 0.25971 -0.640254
0.98 -0.3 -0.386704 0.182145 -0.711084
0.98 -0.28 -0.410346 0.154392 -0.784674
0.98 -0.26 -0.428278 0.121834 -0.894101
0.98 -0.24 -0.441759 0.0933164 -1.02067
0.98 -0.22 -0.454717 0.0726336 -1.09047
0.98 -0.2 -0.467949 0.0619275 -1.21284
0.98 -0.18 -0.478942 0.044617 -1.36278
0.98 -0.16 -0.487351 0.032357 -1.50571
0.98 -0.14 -0.488527 0.0253372 -1.64635
0.98 -0.12 -0.490934 0.0139197 -1.8584
0.98 -0.1 -0.496116 0.00873689 -2.09738
0.98 -0.08 -0.496385 0.00489715 -2.35255
0.98 -0.06 -0.498488 0.00221215 -2.75972
0.98 -0.04 -0.499797 0.000392756 -3.40499
0.98 -0.02 -0.499997 1.45782e-07 -6.8881
0.98 3.95517e-16 -0.499468 0.000374524 -3.40582
0.98 0.02 -0.500186 0.00144714 -2.78912
0.98 0.04 -0.49973 0.00302319 -2.5133
0.98 0.06 -0.496788 0.00478859 -2.30173
0.98 0.08 -0.499073 0.00706902 -2.09075
0.98 0.1 -0.493093 0.0104659 -2.01672
0.98 0.12 -0.490242 0.0122885 -1.8414
0.98 0.14 -0.492897 0.0168366 -1.81193
0.98 0.16 -0.491716 0.0259971 -1.66736
0.98 0.18 -0.488718 0.0184319 -1.62832
0.98 0.2 -0.485473 0.0236024 -1.58176
0.98 0.22 -0.48092 0.0280276 -1.58914
0.98 0.24 -0.480682 0.0344603 -1.49127
0.98 0.26 -0.48081 0.0316171 -1.50802
0.98 0.28 -0.481605 0.0372819 -1.40939
1 -0.7 0.332367 1.75742 0.0478139
1 -0.68 0.322824 1.02723 -0.545897
1 -0.66 0.235425 0.888553 0.0652813
1 -0.64 0.153825 1.25116 0.144939
1 -0.62 0.191617 0.716784 0.0370607
1 -0.6 0.230329 1.30055 0.0321029
1 -0.58 0.232826 0.937973 -0.0272858
1 -0.56 0.11057 0.716109 0.00884579
1 -0.54 0.107658 0.927825 0.0911851
1 -0.52 0.0208094 1.09495 -0.073256
1 -0.5 0.00601128 0.777428 -0.0789508
1 -0.48 -0.0371609 0.864102 -0.109604
1 -0.46 -0.0951204 0.448289 -0.169147
1 -0.44 -0.128356 0.699367 -0.189562
1 -0.42 -0.166208 0.573597 -0.248481
1 -0.4 -0.228791 0.450297 -0.273674
1 -0.38 -0.270327 0.437858 -0.377816
1 -0.36 -0.300812 0.450416 -0.319711
1 -0.34 -0.334409 0.284866 -0.502472
1 -0.32 -0.361042 0.254051 -0.598007
1 -0.3 -0.376475 0.257935 -0.623483
1 -0.28 -0.406807 0.187523 -0.708298
1 -0.26 -0.407821 0.151149 -0.853387
1 -0.24 -0.433941 0.129641 -0.928934
1 -0.22 -0.45711 0.0901406 -1.03893
1 -0.2 -0.462633 0.0744155 -1.14037
1 -0.18 -0.471401 0.0577908 -1.22265
1 -0.16 -0.48499 0.0433446 -1.40056
1 -0.14 -0.484519 0.0282767 -1.50878
1 -0.12 -0.487473 0.0206142 -1.70077
1 -0.1 -0.495458 0.0139116 -1.86876
1 -0.08 -0.495223 0.00864735 -2.06001
1 -0.06 -0.496036 0.0045926 -2.3705
1 -0.04 -0.500007 0.00184236 -2.77352
1 -0.02 -0.499405 0.000500272 -3.40722
1 3.95517e-16 -0.5 0 -19
1 0.02 -0.499462 0.000352387 -3.37717
1 0.04 -0.49971 0.00121724 -2.86418
1 0.06 -0.499543 0.00276246 -2.56518
1 0.08 -0.496186 0.00468574 -2.32478
1 0.1 -0.495871 0.00762429 -2.15792
1 0.12 -0.49517 0.0409885 -2.03708
1 0.14 -0.493478 0.0133719 -1.90224
1 0.16 -0.494097 0.0164076 -1.81065
1 0.18 -0.48394 0.0215557 -1.67287
1 0.2 -0.483376 0.0202822 -1.73479
1 0.22 -0.486495 0.0286597 -1.57052
1 0.24 -0.486661 0.0295607 -1.57794
1 0.26 -0.482368 0.0449398 -1.40897
1 0.28 -0.475302 0.0349036 -1.45146
1.02 -0.7 0.133539 0.714654 0.0756633
1.02 -0.68 0.194807 1.13749 -0.314175
1.02 -0.66 0.288243 1.4449 0.0397721
1.02 -0.64 0.279701 1.15831 0.165908
1.02 -0.62 0.0111433 0.632898 0.0926559
1.02 -0.6 0.223652 1.09623 -0.178068
1.02 -0.58 0.0644922 1.11186 0.0322975
1.02 -0.56 0.169157 1.30889 -0.127413
1.02 -0.54 0.0718646 0.780449 0.0397298
1.02 -0.52 0.0473764 0.409313 -0.0701578
1.02 -0.5 0.0195037 0.870577 -0.122008
1.02 -0.48 -0.044916 0.704274 -0.118178
1.02 -0.46 -0.0793725 0.813319 0.00625723
1.02 -0.44 -0.140437 0.672517 -0.237445
1.02 -0.42 -0.176068 0.614888 -0.179315
1.02 -0.4 -0.224546 0.57592 -0.260642
1.02 -0.38 -0.260934 0.482679 -0.331981
1.02 -0.36 -0.28646 0.452051 -0.371668
1.02 -0.34 -0.336497 0.362695 -0.428748
1.02 -0.32 -0.357999 0.314584 -0.505031
1.02 -0.3 -0.382167 0.267147 -0.612609
1.02 -0.28 -0.389312 0.209432 -0.68015
1.02 -0.26 -0.426228 0.167559 -0.783624
1.02 -0.24 -0.438435 0.238977 -0.820927
1.02 -0.22 -0.442814 0.10809 -0.97408
1.02 -0.2 -0.457621 0.087156 -1.0589
1.02 -0.18 -0.463395 0.0676716 -1.14159
1.02 -0.16 -0.474873 0.0540269 -1.29049
1.02 -0.14 -0.477569 0.0423528 -1.35307
1.02 -0.12 -0.49121 0.0281705 -1.5167
1.02 -0.1 -0.490276 0.0191398 -1.69776
1.02 -0.08 -0.493637 0.013549 -1.91673
1.02 -0.06 -0.493812 0.00809654 -2.11261
1.02 -0.04 -0.496947 0.00369226 -2.43033
1.02 -0.02 -0.498759 0.0014717 -2.78698
1.02 3.95517e-16 -0.499204 0.000386999 -3.34783
1.02 0.02 -0.500008 1.06841e-07 -6.99707
1.02 0.04 -0.499734 0.000362502 -3.39964
1.02 0.06 -0.499125 0.00129437 -2.82402
1.02 0.08 -0.500033 0.00284584 -2.60943
1.02 0.1 -0.497701 0.00410705 -2.33355
1.02 0.12 -0.495956 0.00692169 -2.10958
1.02 0.14 -0.495103 0.00901979 -1.97744
1.02 0.16 -0.499192 0.0114784 -1.9142
1.02 0.18 -0.498103 0.0144323 -1.73083
1.02 0.2 -0.490376 0.0175069 -1.72333
1.02 0.22 -0.489871 0.0229163 -1.63432
1.02 0.24 -0.486459 0.0224664 -1.49929
1.02 0.26 -0.485914 0.0313123 -1.58613
1.02 0.28 -0.487922 0.0346161 -1.44879
1.04 -0.7 0.188459 0.4236 0.110181
1.04 -0.68 0.269506 0.995047 0.199893
1.04 -0.66 0.273711 1.74266 0.145399
1.04 -0.64 0.352001 1.8373 -0.140222
1.04 -0.62 0.154593 1.53001 0.248089
1.04 -0.6 0.216371 0.764052 0.0918593
1.04 -0.58 0.111232 1.58212 0.0125768
1.04 -0.56 0.0911733 0.712704 0.0840739
1.04 -0.54 0.110331 0.931652 -0.0468328
1.04 -0.52 0.0617203 0.754165 -0.0776834
1.04 -0.5 0.01746 1.01284 -0.175923
1.04 -0.48 -0.00550858 1.6256 -0.251921
1.04 -0.46 -0.0787143 0.801741 -0.0704053
1.04 -0.44 -0.155225 0.474537 -0.180521
1.04 -0.42 -0.177285 0.599497 -0.137412
1.04 -0.4 -0.205362 0.618585 -0.221489
1.04 -0.38 -0.248956 0.507904 -0.267317
1.04 -0.36 -0.285761 0.469788 -0.329674
1.04 -0.34 -0.312912 2.43423 -0.394739
1.04 -0.32 -0.294159 0.306982 -0.472968
1.04 -0.3 -0.371497 0.310691 -0.54629
1.04 -0.28 -0.392524 0.227208 -0.583677
1.04 -0.26 -0.408871 0.19242 -0.715015
1.04 -0.24 -0.424602 0.155856 -0.788363
1.04 -0.22 -0.437132 0.140842 -0.885669
1.04 -0.2 -0.449868 0.103622 -0.971491
1.04 -0.18 -0.46385 0.0907982 -0.929549
1.04 -0.16 -0.472037 0.061871 -1.16511
1.04 -0.14 -0.476515 0.0598557 -1.2947
1.04 -0.12 -0.482302 0.0365085 -1.37451
1.04 -0.1 -0.489895 0.0322176 -1.53068
1.04 -0.08 -0.48791 0.0209983 -1.65446
1.04 -0.06 -0.498037 0.0131387 -1.88439
1.04 -0.04 -0.497017 0.00708077 -2.10257
1.04 -0.02 -0.496021 0.00371252 -2.39289
1.04 3.95517e-16 -0.499519 0.00174781 -2.75744
1.04 0.02 -0.499822 0.000439219 -3.34393
1.04 0.04 -0.500016 1.81297e-06 -5.81104
1.04 0.06 -0.5001 0.000299895 -3.52969
1.04 0.08 -0.499351 0.00125861 -2.92599
1.04 0.1 -0.498731 0.00288779 -2.4953
1.04 0.12 -0.497658 0.00493684 -2.29627
1.04 0.14 -0.49706 0.0062591 -2.13071
1.04 0.16 -0.494342 0.00967242 -2.04248
1.04 0.18 -0.496049 0.010799 -1.91375
1.04 0.2 -0.490216 0.0166949 -1.76676
1.04 0.22 -0.490158 0.0183937 -1.73945
1.04 0.24 -0.490766 0.0194122 -1.63245
1.04 0.26 -0.488788 0.0248779 -1.54555
1.04 0.28 -0.487132 0.0269821 -1.56178
1.06 -0.7 0.388134 0.257106 0.313547
1.06 -0.68 0.113446 1.02698 0.053916
1.06 -0.66 0.341934 0.545714 0.18026
1.06 -0.64 0.279357 1.92466 0.103464
1.06 -0.62 0.0683371 1.60839 0.0728978
1.06 -0.6 0.286996 1.7062 -0.264993
1.06 -0.58 0.265594 0.924129 -0.0520108
1.06 -0.56 0.0656359 1.74198 0.166836
1.06 -0.54 0.149673 1.40924 0.0557779
1.06 -0.52 0.0816833 1.30262 0.103902
1.06 -0.5 0.0245955 1.1596 -0.0212962
1.06 -0.48 -0.0216057 1.21082 0.0588186
1.06 -0.46 -0.0619856 1.92964 -0.148719
1.06 -0.44 -0.124274 0.849932 -0.0563544
1.06 -0.42 -0.159722 0.752376 -0.136059
1.06 -0.4 -0.17945 0.624905 -0.213281
1.06 -0.38 -0.247827 0.591792 -0.249522
1.06 -0.36 -0.237297 0.582694 -0.295942
1.06 -0.34 -0.31312 0.434931 -0.388791
1.06 -0.32 -0.328304 0.411399 -0.416734
1.06 -0.3 -0.356663 0.452224 -0.477286
1.06 -0.28 -0.378944 0.282976 -0.522533
1.06 -0.26 -0.408752 0.236704 -0.659367
1.06 -0.24 -0.414474 0.196796 -0.69848
1.06 -0.22 -0.430309 0.160793 -0.807652
1.06 -0.2 -0.445392 0.126752 -0.871516
1.06 -0.18 -0.459863 0.109335 -1.00221
1.06 -0.16 -0.465675 0.079298 -1.07117
1.06 -0.14 -0.46881 0.0702773 -1.21857
1.06 -0.12 -0.479628 0.0476919 -1.27992
1.06 -0.1 -0.484396 0.0410935 -1.44783
1.06 -0.08 -0.490332 0.0249282 -1.59247
1.06 -0.06 -0.495265 0.0182058 -1.76355
1.06 -0.04 -0.494557 0.0134158 -1.96594
1.06 -0.02 -0.496073 0.00675374 -2.14362
1.06 3.95517e-16 -0.496972 0.00435626 -2.3885
1.06 0.02 -0.497514 0.00177365 -2.78391
1.06 0.04 -0.499898 0.000453962 -3.4065
1.06 0.06 -0.500069 7.60735e-06 -5.13228
1.06 0.08 -0.499686 0.000302071 -3.48
1.06 0.1 -0.499535 0.00115426 -2.92793
1.06 0.12 -0.498226 0.00261896 -2.63336
1.06 0.14 -0.499213 0.00463151 -2.33038
1.06 0.16 -0.496857 0.00718681 -2.24806
1.06 0.18 -0.496973 0.0104217 -2.04213
1.06 0.2 -0.497816 0.011155 -1.87968
1.06 0.22 -0.493511 0.0145341 -1.79628
1.06 0.24 -0.492738 0.0244641 -1.70196
1.06 0.26 -0.492689 0.0180769 -1.72461
1.06 0.28 -0.489349 0.0243932 -1.54863
1.08 -0.7 0.293782 2.49279 0.328761
1.08 -0.68 0.0548634 2.24597 0.180253
1.08 -0.66 0.444595 1.75973 0.181636
1.08 -0.64 0.344657 2.32599 0.172629
1.08 -0.62 0.166131 1.7237 0.212824
1.08 -0.6 0.286078 1.83429 0.0328619
1.08 -0.58 0.176267 1.65506 0.241626
1.08 -0.56 0.199575 1.33663 0.155625
1.08 -0.54 0.161745 1.30906 0.0956126
1.08 -0.52 0.0799132 1.32807 0.0249238
1.08 -0.5 0.067485 1.05356 0.131771
1.08 -0.48 -0.0215311 1.02014 -0.0310359
1.08 -0.46 -0.0435972 1.10591 0.00895977
1.08 -0.44 -0.0766653 0.986377 0.0110196
1.08 -0.42 -0.149054 1.08514 -0.10719
1.08 -0.4 -0.192807 0.725369 -0.159983
1.08 -0.38 -0.243062 0.640879 -0.16261
1.08 -0.36 -0.264042 0.587245 -0.253269
1.08 -0.34 -0.296321 0.46368 -0.293703
1.08 -0.32 -0.328211 0.456347 -0.373902
1.08 -0.3 -0.351298 0.35524 -0.458552
1.08 -0.28 -0.361728 0.317846 -0.509109
1.08 -0.26 -0.401458 0.27603 -0.564208
1.08 -0.24 -0.398077 0.213945 -0.670423
1.08 -0.22 -0.418005 0.197894 -0.680639
1.08 -0.2 -0.442476 0.16427 -0.77578
1.08 -0.18 -0.450692 0.115181 -0.908304
1.08 -0.16 -0.464398 0.0886871 -0.99142
1.08 -0.14 -0.458532 0.081287 -1.09532
1.08 -0.12 -0.471268 0.0632964 -1.23454
1.08 -0.1 -0.477221 0.04665 -1.30098
1.08 -0.08 -0.489775 0.0328971 -1.46043
1.08 -0.06 -0.493172 0.0217689 -1.5724
1.08 -0.04 -0.492252 0.0167546 -1.74092
1.08 -0.02 -0.493258 0.0111748 -1.89149
1.08 3.95517e-16 -0.49833 0.00735891 -2.13244
1.08 0.02 -0.500122 0.00407347 -2.38542
1.08 0.04 -0.498263 0.0018607 -2.74744
1.08 0.06 -0.498714 0.000513205 -3.30258
1.08 0.08 -0.499857 2.26959e-05 -4.63823
1.08 0.1 -0.499772 0.000245515 -3.64143
1.08 0.12 -0.500338 0.00108384 -2.97729
1.08 0.14 -0.499217 0.0026594 -2.35811
1.08 0.16 -0.498413 0.00400633 -2.4376
1.08 0.18 -0.499838 0.00621453 -2.13881
1.08 0.2 -0.495665 0.00888711 -2.04146
1.08 0.22 -0.495802 0.0115612 -1.97686
1.08 0.24 -0.496513 0.0136218 -1.83789
1.08 0.26 -0.493341 0.0282953 -1.62631
1.08 0.28 -0.49153 0.0222353 -1.69074
1.1 -0.7 0.112997 2.15255 0.0701795
1.1 -0.68 0.220756 1.29592 -0.00664385
1.1 -0.66 0.384798 1.96804 2.27991e-05
1.1 -0.64 0.366621 2.12386 0.0159588
1.1 -0.62 0.219288 1.88543 0.26153
1.1 -0.6 0.219851 2.0032 0.160488
1.1 -0.58 0.212068 1.91779 0.376187
1.1 -0.56 0.120706 0.963558 0.28616
1.1 -0.54 0.171795 0.895401 0.0803415
1.1 -0.52 0.109796 1.51531 0.18246
1.1 -0.5 0.0589702 1.37432 0.0860841
1.1 -0.48 0.00706639 1.06518 0.10018
1.1 -0.46 -0.0456535 1.05773 0.0346215
1.1 -0.44 -0.0901246 1.05444 0.000877343
1.1 -0.42 -0.117886 0.89059 -0.0424831
1.1 -0.4 -0.190775 0.767913 -0.0789953
1.1 -0.38 -0.221056 0.71685 -0.154944
1.1 -0.36 -0.249512 0.596788 -0.179845
1.1 -0.34 -0.307498 0.553687 -0.241582
1.1 -0.32 -0.299379 0.478683 -0.35759
1.1 -0.3 -0.359813 0.419479 -0.327486
1.1 -0.28 -0.363644 0.365293 -0.455055
1.1 -0.26 -0.401053 0.340328 -0.542494
1.1 -0.24 -0.409176 0.290846 -0.605782
1.1 -0.22 -0.416044 0.221551 -0.684041
1.1 -0.2 -0.435288 0.186964 -0.772259
1.1 -0.18 -0.439245 0.201433 -0.870327
1.1 -0.16 -0.449965 0.125544 -0.912055
1.1 -0.14 -0.467601 0.0926834 -0.892834
1.1 -0.12 -0.473706 0.083697 -1.11518
1.1 -0.1 -0.476329 0.0579981 -1.21607
1.1 -0.08 -0.479349 0.044663 -1.34917
1.1 -0.06 -0.488913 0.037156 -1.43629
1.1 -0.04 -0.485625 0.0252388 -1.59197
1.1 -0.02 -0.489551 0.0181149 -1.77385
1.1 3.95517e-16 -0.494964 0.0121244 -1.94066
1.1 0.02 -0.496288 0.00723733 -2.10121
1.1 0.04 -0.498176 0.00424613 -2.35052
1.1 0.06 -0.499757 0.00187252 -2.74813
1.1 0.08 -0.50007 0.000579702 -3.23539
1.1 0.1 -0.49956 5.05575e-05 -4.30212
1.1 0.12 -0.500127 0.000278762 -3.64462
1.1 0.14 -0.500214 0.000957986 -3.0272
1.1 0.16 -0.499045 0.00210726 -2.62408
1.1 0.18 -0.499878 0.0038628 -2.3966
1.1 0.2 -0.497299 0.00668027 -2.22099
1.1 0.22 -0.497482 0.00843102 -2.02412
1.1 0.24 -0.496763 0.00962447 -1.96118
1.1 0.26 -0.494418 0.0172599 -1.83869
1.1 0.28 -0.494974 0.0170148 -1.82825
1.12 -0.7 0.367559 1.10897 0.465587
1.12 -0.68 0.0676586 1.41635 0.433144
1.12 -0.66 0.515334 1.03143 0.408241
1.12 -0.64 0.257915 2.03288 0.306726
1.12 -0.62 0.239302 1.80862 0.434357
1.12 -0.6 0.340515 1.68677 0.152265
1.12 -0.58 0.189458 2.09631 0.183892
1.12 -0.56 0.164771 1.79169 0.129839
1.12 -0.54 0.195676 1.86817 -0.190335
1.12 -0.52 0.11079 1.36225 0.00520534
1.12 -0.5 0.0607022 1.32666 0.000710335
1.12 -0.48 0.0253083 1.34549 0.107929
1.12 -0.46 -0.0360949 1.12488 -0.0750306
1.12 -0.44 -0.0699964 1.20971 -0.0545622
1.12 -0.42 -0.114893 0.984758 0.0324351
1.12 -0.4 -0.15998 0.876032 -0.106612
1.12 -0.38 -0.217334 0.789641 -0.110747
1.12 -0.36 -0.276026 0.738215 -0.159734
1.12 -0.34 -0.273982 0.620827 -0.227138
1.12 -0.32 -0.305643 0.529375 -0.290681
1.12 -0.3 -0.322337 0.449676 -0.316146
1.12 -0.28 -0.347946 0.431695 -0.400133
1.12 -0.26 -0.373632 0.33353 -0.440705
1.12 -0.24 -0.39201 0.300193 -0.550984
1.12 -0.22 -0.399027 0.269402 -0.617578
1.12 -0.2 -0.433167 0.197448 -0.673255
1.12 -0.18 -0.433585 0.169524 -0.773077
1.12 -0.16 -0.447965 0.14646 -0.849748
1.12 -0.14 -0.457687 0.106142 -0.916792
1.12 -0.12 -0.468709 0.0968831 -1.0277
1.12 -0.1 -0.473827 0.0798369 -1.13247
1.12 -0.08 -0.475501 0.0591693 -1.26093
1.12 -0.06 -0.48243 0.0530771 -1.38895
1.12 -0.04 -0.483344 0.0393293 -1.44003
1.12 -0.02 -0.494893 0.0242193 -1.59898
1.12 3.95517e-16 -0.494387 0.0169253 -1.7307
1.12 0.02 -0.495622 0.0141488 -1.84194
1.12 0.04 -0.497895 0.00698303 -2.1237
1.12 0.06 -0.499295 0.00437518 -2.43226
1.12 0.08 -0.497555 0.00220041 -2.71508
1.12 0.1 -0.499381 0.000636737 -3.20128
1.12 0.12 -0.499609 9.89631e-05 -4.00746
1.12 0.14 -0.500138 0.000307401 -3.68018
1.12 0.16 -0.499627 0.000954837 -3.00311
1.12 0.18 -0.499595 0.00178784 -2.62212
1.12 0.2 -0.5 0.00362601 -2.38085
1.12 0.22 -0.497725 0.00532075 -2.21224
1.12 0.24 -0.498801 0.00873648 -2.03915
1.12 0.26 -0.495496 0.00992661 -2.00615
1.12 0.28 -0.495802 0.0115236 -1.81537
1.14 -0.7 0.298597 2.90113 0.24122
1.14 -0.68 0.298871 1.96188 0.389441
1.14 -0.66 0.489534 1.10618 0.344925
1.14 -0.64 0.426669 1.79767 0.383657
1.14 -0.62 0.409512 1.52235 0.116211
1.14 -0.6 0.225751 1.64519 0.255837
1.14 -0.58 0.20813 1.83841 0.303616
1.14 -0.56 0.256048 1.71901 0.290858
1.14 -0.54 0.214172 1.87759 0.251078
1.14 -0.52 0.153696 1.4894 0.164113
1.14 -0.5 0.0864502 1.47193 0.227908
1.14 -0.48 0.0361113 1.53597 0.189811
1.14 -0.46 -0.00633462 1.38712 0.110412
1.14 -0.44 -0.0695033 1.27223 0.0843896
1.14 -0.42 -0.130049 1.06333 0.0175185
1.14 -0.4 -0.164332 0.921328 -0.0239729
1.14 -0.38 -0.197045 0.904726 -0.0234548
1.14 -0.36 -0.233015 0.794428 -0.104385
1.14 -0.34 -0.257405 0.619078 -0.154469
1.14 -0.32 -0.30563 0.616014 -0.178033
1.14 -0.3 -0.31807 0.607615 -0.257009
1.14 -0.28 -0.347668 0.49388 -0.382454
1.14 -0.26 -0.366006 0.379451 -0.434605
1.14 -0.24 -0.402616 0.332599 -0.462213
1.14 -0.22 -0.407135 0.267295 -0.532546
1.14 -0.2 -0.416842 0.226082 -0.552746
1.14 -0.18 -0.431391 0.196429 -0.707437
1.14 -0.16 -0.447786 0.219443 -0.729674
1.14 -0.14 -0.443882 0.124186 -0.865326
1.14 -0.12 -0.459478 0.117435 -0.90547
1.14 -0.1 -0.460489 0.0869181 -1.03507
1.14 -0.08 -0.472871 0.0753139 -1.09512
1.14 -0.06 -0.481515 0.0583206 -1.27729
1.14 -0.04 -0.484742 0.0419423 -1.33066
1.14 -0.02 -0.486578 0.0367761 -1.49103
1.14 3.95517e-16 -0.494948 0.0240547 -1.59809
1.14 0.02 -0.495178 0.0186201 -1.67816
1.14 0.04 -0.494451 0.0119493 -1.93095
1.14 0.06 -0.496778 0.00841064 -2.11891
1.14 0.08 -0.496785 0.00436408 -2.09691
1.14 0.1 -0.49683 0.00210139 -2.69665
1.14 0.12 -0.499256 0.000804709 -3.10971
1.14 0.14 -0.49966 0.000187962 -3.75426
1.14 0.16 -0.500354 0.000235405 -3.63407
1.14 0.18 -0.499659 0.000902059 -3.03583
1.14 0.2 -0.500012 0.0016921 -2.65906
1.14 0.22 -0.500245 0.00313588 -2.44317
1.14 0.24 -0.498922 0.00525116 -2.29966
1.14 0.26 -0.4986 0.00772627 -2.10945
1.14 0.28 -0.496678 0.0102742 -1.99851
1.16 -0.7 0.494362 3.39341 0.503063
1.16 -0.68 0.537452 2.9088 0.326804
1.16 -0.66 0.318003 1.46581 0.325109
1.16 -0.64 0.516186 2.51438 0.33035
1.16 -0.62 0.24432 1.91806 0.310268
1.16 -0.6 0.348233 2.40441 0.314019
1.16 -0.58 0.323124 2.39596 0.380362
1.16 -0.56 0.196478 2.10741 0.330605
1.16 -0.54 0.187025 1.59369 0.298118
1.16 -0.52 0.148877 1.80006 0.167822
1.16 -0.5 0.11454 1.46511 0.223863
1.16 -0.48 0.0415283 1.71074 0.177677
1.16 -0.46 0.0322907 1.17195 0.1068
1.16 -0.44 -0.00786431 1.31944 -0.00668092
1.16 -0.42 -0.107021 1.14083 0.0833298
1.16 -0.4 -0.14669 1.01048 0.03188
1.16 -0.38 -0.196388 1.00233 -0.0301936
1.16 -0.36 -0.242204 0.795593 -0.0474077
1.16 -0.34 -0.254918 0.716895 -0.169796
1.16 -0.32 -0.287872 0.651059 -0.167867
1.16 -0.3 -0.315407 0.544253 -0.224742
1.16 -0.28 -0.334276 0.486236 -0.294783
1.16 -0.26 -0.355955 0.428048 -0.355442
1.16 -0.24 -0.380125 0.387431 -0.440611
1.16 -0.22 -0.397642 0.334972 -0.515599
1.16 -0.2 -0.41703 0.281008 -0.576841
1.16 -0.18 -0.435618 0.226372 -0.63371
1.16 -0.16 -0.43817 0.194112 -0.718367
1.16 -0.14 -0.447084 0.170408 -0.748176
1.16 -0.12 -0.449362 0.135097 -0.894243
1.16 -0.1 -0.469858 0.112106 -0.987299
1.16 -0.08 -0.474219 0.0923414 -1.02576
1.16 -0.06 -0.470068 0.0713271 -1.14357
1.16 -0.04 -0.47908 0.052098 -1.17543
1.16 -0.02 -0.480404 0.0413622 -1.37797
1.16 3.95517e-16 -0.486544 0.0331791 -1.48399
1.16 0.02 -0.486519 0.0282827 -1.59032
1.16 0.04 -0.496721 0.0183122 -1.61818
1.16 0.06 -0.495158 0.0126131 -1.9008
1.16 0.08 -0.497474 0.00780337 -2.03623
1.16 0.1 -0.495448 0.00471143 -2.31381
1.16 0.12 -0.49746 0.00227995 -2.65185
1.16 0.14 -0.498122 0.000895916 -2.94096
1.16 0.16 -0.500332 0.000288824 -3.53801
1.16 0.18 -0.499896 0.000290119 -3.5354
1.16 0.2 -0.49986 0.000992229 -3.00806
1.16 0.22 -0.499717 0.00212068 -2.67169
1.16 0.24 -0.500405 0.003403 -2.50765
1.16 0.26 -0.498575 0.00449469 -2.26942
1.16 0.28 -0.499353 0.00751273 -2.09159
1.18 -0.7 0.287166 2.40493 0.510234
1.18 -0.68 0.633942 3.52174 0.44551
1.18 -0.66 0.616831 2.87995 0.387468
1.18 -0.64 0.529841 2.38275 0.477411
1.18 -0.62 0.367067 2.7788 0.352173
1.18 -0.6 0.189121 2.64812 0.434767
1.18 -0.58 0.243413 2.52629 0.412897
1.18 -0.56 0.285557 2.26938 0.49197
1.18 -0.54 0.15115 2.25176 0.291654
1.18 -0.52 0.15033 2.10264 0.41179
1.18 -0.5 0.104488 1.97482 0.226615
1.18 -0.48 0.0507121 1.53188 0.243363
1.18 -0.46 0.0129851 1.53154 0.213542
1.18 -0.44 -0.0668027 1.5329 0.126481
1.18 -0.42 -0.0911849 1.22277 0.148106
1.18 -0.4 -0.138195 1.11089 0.112386
1.18 -0.38 -0.174854 0.977749 -0.0125581
1.18 -0.36 -0.199235 0.866454 -0.0574879
1.18 -0.34 -0.241149 0.833883 -0.0679045
1.18 -0.32 -0.280273 0.712132 -0.140505
1.18 -0.3 -0.299732 0.616791 -0.228546
1.18 -0.28 -0.347903 0.55082 -0.286924
1.18 -0.26 -0.341534 0.517661 -0.300833
1.18 -0.24 -0.365026 0.392631 -0.377874
1.18 -0.22 -0.386537 0.335398 -0.430365
1.18 -0.2 -0.401951 0.293361 0.0754637
1.18 -0.18 -0.421426 0.283555 -0.584968
1.18 -0.16 -0.424695 0.214621 -0.672607
1.18 -0.14 -0.439924 0.183762 -0.703107
1.18 -0.12 -0.458065 0.150227 -0.782569
1.18 -0.1 -0.461799 0.125101 -0.908804
1.18 -0.08 -0.463987 0.111142 -1.02672
1.18 -0.06 -0.465942 0.0903813 -1.05153
1.18 -0.04 -0.475742 0.0664628 -1.07372
1.18 -0.02 -0.476358 0.0544718 -1.23645
1.18 3.95517e-16 -0.489008 0.0426773 -1.33499
1.18 0.02 -0.488088 0.0339467 -1.48106
1.18 0.04 -0.490551 0.026037 -1.59359
1.18 0.06 -0.491875 0.0183632 -1.71625
1.18 0.08 -0.491171 0.0129128 -1.8486
1.18 0.1 -0.497642 0.00853029 -2.04168
1.18 0.12 -0.497526 0.00451548 -2.27127
1.18 0.14 -0.497841 0.00259317 -2.58039
1.18 0.16 -0.499565 0.0012206 -2.93346
1.18 0.18 -0.498956 0.000455872 -3.32856
1.18 0.2 -0.499721 0.00037891 -3.44953
1.18 0.22 -0.49996 0.00074831 -3.07643
1.18 0.24 -0.500151 0.00192978 -2.8225
1.18 0.26 -0.499801 0.00429902 -2.48584
1.18 0.28 -0.498794 0.00570436 -2.24511
