0.000275525
0.00180365
0.00448102
0.00806772
0.0122038
0.0167245
0.0213911
0.0261719
0.0307805
0.0352611
0.0392956
0.0429999
0.0462931
0.0491244
0.0515243
0.0534562
0.0548638
0.0558587
0.0562263
0.0562363
0.0558357
0.05501
0.0539268
0.0524726
0.050781
0.0487058
0.0465216
0.0440657
0.041592
0.0388768
0.036091
0.0332602
0.0303653
0.0276335
0.024821
0.0220882
0.0195073
0.016961
0.0145646
0.0122984
0.0101241
0.00815633
0.00640688
0.00482
0.00346462
0.00233245
0.00142122
0.000737375
0.000266
3.9e-05
3.6e-05
0.00024225
0.000676975
0.0013018
0.00216132
0.00324463
0.00451083
0.00596542
0.00759003
0.00945
0.0114339
0.0136391
0.0160168
0.0185164
0.0212373
0.0240046
0.0269096
0.0299232
0.0330906
0.0362808
0.0395793
0.0430211
0.0464702
0.0501587
0.053814
0.0575367
0.0613017
0.0650738
0.0687477
0.0725915
0.076512
0.0804467
0.0843266
0.0881337
0.0920545
0.0958378
0.0995925
0.103287
0.107142
0.11085
0.114668
0.1183
0.121955
0.125394
0.128749
0.132069
0.135142
0.138422
0.141437
0.144334
0.147205
0.150074
0.152853
0.155533
0.158208
0.160582
0.162993
0.165243
0.167276
0.169351
0.171235
0.173116
0.174835
0.176424
0.178083
0.179345
0.181123
0.182074
0.183303
0.184325
0.18529
0.186024
0.18684
0.187652
0.188141
0.188606
0.189107
0.189363
0.189692
0.18984
0.189918
0.189903
0.189734
0.189539
0.189339
0.188873
0.188448
0.188146
0.187663
0.187189
0.186463
0.185956
0.185367
0.184429
0.183525
0.182496
0.18149
0.180397
0.179472
0.178331
0.177425
0.176027
0.174574
0.173361
0.171896
0.17066
0.169203
0.167813
0.166403
0.164904
0.163406
0.161961
0.160429
0.158857
0.157085
0.155454
0.15382
0.152193
0.150456
0.148702
0.146838
0.145168
0.143436
0.141673
0.140061
0.138249
0.136615
0.134848
0.13306
0.131404
0.129676
0.128018
0.126199
0.124458
0.122664
0.120823
0.11902
0.117178
0.115509
0.113605
0.11183
0.110152
0.108282
0.106603
0.105005
0.103206
0.101618
0.0999826
0.0984428
0.0968581
