0.001725
0.013725
0.030475
0.050775
0.078475
0.109225
0.144025
0.179175
0.216625
0.251875
0.2905
0.3288
0.357525
0.383
0.395225
0.428625
0.444125
0.462375
0.48085
0.4907
0.5043
0.522325
0.5287
0.52595
0.5365
0.54265
0.5421
0.534825
0.53025
0.5213
0.52415
0.51705
0.504775
0.501925
0.491025
0.486775
0.483775
0.472
0.464525
0.450175
0.43585
0.4238
0.41215
0.400225
0.38875
0.37165
0.362075
0.346325
0.329175
0.309475
0.297825
0.289825
0.271325
0.266475
0.25125
0.239975
0.220125
0.215275
0.198675
0.193575
0.18565
0.1767
0.167625
0.162425
0.1567
0.14775
0.148625
0.140925
0.13455
0.12875
0.123875
0.114275
0.107875
0.1002
0.090525
0.08525
0.0805
0.077725
0.07545
0.07225
0.0689
0.0651
0.061375
0.0584
0.0571
0.051
0.04675
0.04505
0.043025
0.04115
0.036875
0.034825
0.0315
0.0292
0.030275
0.026625
0.02335
0.021625
0.0192
0.017375
0.0174
0.016525
0.015675
0.014325
0.01345
0.012175
0.0099
0.0087
0.0079
0.007425
0.0064
0.004825
0.004725
0.00385
0.0029
0.002425
0.001875
0.0018
0.001875
0.001375
0.00155
0.0015
0.00125
0.001225
0.001
0.000775
0.000625
0.000625
0.001075
0.0005
0.000475
0.000175
0.00015
0.000125
0.000125
0.0001
0.000125
2.5e-05
2.5e-05
0
0
0
0
0
0
0
0
0
0
0
0
0
0
0
0
0
0
0
0
0
0
0
0
0
0
0
0
0
0
0
0
0
0
0
0
0
0
0
0
0
0
0
0
0
0
0
0
0
0
0
0
0
0
0
0
0
0
0
0
0
