0.002125
0.014175
0.035025
0.059125
0.088275
0.12255
0.15375
0.1836
0.226
0.258925
0.295375
0.31485
0.34155
0.3646
0.382475
0.392475
0.405125
0.410525
0.41475
0.419325
0.42035
0.4111
0.41285
0.402025
0.383475
0.3715
0.36
0.33645
0.3169
0.29835
0.2781
0.2568
0.2381
0.21875
0.1963
0.172425
0.151225
0.12805
0.107
0.088175
0.071575
0.0566
0.045225
0.033425
0.0261
0.016425
0.011275
0.00445
0.0017
0.000225
7.5e-05
0.00015
0
0.00035
0.000425
0.000675
0.001225
0.0019
0.0025
0.0032
0.00495
0.00545
0.0069
0.0079
0.009125
0.011275
0.01315
0.0165
0.01915
0.0194
0.022325
0.021275
0.02445
0.026425
0.027675
0.029025
0.0328
0.03225
0.03565
0.034325
0.03735
0.038625
0.03895
0.040325
0.041325
0.041525
0.042225
0.04335
0.0444
0.046825
0.04815
0.0516
0.052675
0.0563
0.059
0.057775
0.062175
0.064625
0.0669
0.06905
0.070725
0.072725
0.07465
0.07675
0.08215
0.084775
0.087775
0.090425
0.08935
0.0891
0.092
0.095
0.097825
0.0968
0.100175
0.10055
0.1033
0.10585
0.105025
0.10735
0.1058
0.10835
0.104825
0.104675
0.108575
0.10675
0.1084
0.108175
0.10765
0.1067
0.109175
0.108575
0.111275
0.11385
0.11425
0.115275
0.11475
0.1091
0.11125
0.109375
0.10705
0.106525
0.10795
0.10435
0.1058
0.10325
0.1055
0.10775
0.10755
0.10665
0.10945
0.10965
0.1092
0.110925
0.111725
0.111175
0.1137
0.105025
0.1089
0.105925
0.1054
0.102425
0.10075
0.101225
0.099575
0.101925
0.0996
0.099725
0.09955
0.097075
0.097975
0.092275
0.090025
0.088875
0.086175
0.085425
0.08365
0.083475
0.082175
0.082125
0.0841
0.08555
0.0858
0.0879
0.08455
0.085875
0.0805
0.08145
0.082125
0.0816
0.080375
0.07875
0.078375
0.07715
0.076475
0.07305
0.0726
0.07295
0.07215
0.07145
