0.000252
0.0017735
0.0044765
0.00818525
0.0122807
0.0168425
0.0215742
0.0264703
0.030873
0.0355417
0.0396562
0.043246
0.0467175
0.0493085
0.0518617
0.053663
0.0549658
0.0559212
0.056351
0.0564415
0.0562255
0.0550365
0.0541218
0.0524055
0.0505178
0.048239
0.0461915
0.043489
0.0413172
0.038716
0.0359037
0.0330825
0.030494
0.0278343
0.0249105
0.0220875
0.0194038
0.0167743
0.0144602
0.0122267
0.0100053
0.00821825
0.00642925
0.00491125
0.0034985
0.00231275
0.001425
0.000751
0.000274
4.1e-05
3.175e-05
0.00023125
0.00067025
0.001219
0.0020165
0.00304075
0.0042135
0.00567875
0.0071155
0.008814
0.0105468
0.0128142
0.0150185
0.0172197
0.0199938
0.022587
0.0256893
0.0285208
0.0317215
0.0347512
0.038016
0.0413587
0.0446415
0.0483427
0.0520583
0.0557537
0.059673
0.0631873
0.0673055
0.0708555
0.0748692
0.0788355
0.0832107
0.086802
0.0902995
0.093902
0.0975925
0.101385
0.105161
0.108763
0.112359
0.11591
0.119821
0.122795
0.126435
0.129565
0.13261
0.135827
0.138729
0.142007
0.145145
0.147742
0.150321
0.153455
0.155972
0.158759
0.161241
0.164201
0.166001
0.168491
0.170062
0.171669
0.173938
0.17502
0.176418
0.177966
0.179475
0.181205
0.181966
0.18328
0.184045
0.184899
0.185423
0.186219
0.186794
0.186941
0.187386
0.187685
0.18783
0.188122
0.187483
0.187822
0.187903
0.18793
0.188151
0.187593
0.187768
0.187297
0.186824
0.186306
0.185879
0.185066
0.184706
0.183887
0.182982
0.182165
0.181193
0.18021
0.179626
0.17848
0.178026
0.176853
0.17525
0.174103
0.172641
0.171592
0.170207
0.169094
0.166932
0.165631
0.163972
0.162407
0.160865
0.159437
0.157903
0.155872
0.154066
0.152694
0.150644
0.149243
0.147349
0.145558
0.144044
0.141928
0.140456
0.138791
0.137339
0.135673
0.133887
0.132562
0.131084
0.129367
0.127328
0.125807
0.123907
0.122352
0.120462
0.119253
0.117379
0.115547
0.113781
0.11181
0.110115
0.108385
0.106864
0.104612
0.102687
0.10127
0.0996728
0.098079
