0 0 0 0 0 0 0 0 0 0 0 0 0 0 0 0 0 0 0 0 0 0 0 0 0 0 0 0 0 0 0 
0 0.00319337 0.0109072 0.0185987 0.0329576 0.00703361 0.00478145 0.0264105 0.0540451 0.0554045 0.0801219 0.0867708 0.0658682 0.0914809 0.0840721 0.096493 0.0844883 0.10193 0.0826884 0.0823561 0.0571558 0.085249 0.0872634 0.0405186 0.0152852 0.0618873 0.00546229 0.0483263 0.011674 0.00559176 0 
0 0.0114645 0.013774 0.0167832 0.018859 0.047785 0.00660315 0.0350857 0.111272 0.102452 0.140101 0.166623 0.16307 0.165016 0.173942 0.151789 0.176599 0.15786 0.146565 0.121624 0.10431 0.125453 0.0943532 0.126877 0.0437572 0.00960091 0.0425578 0.0395322 0.0414669 0.0545899 0 
0 0.0173154 0.0327191 0.000811507 0.0630769 0.0582744 0.0559472 0.104855 0.105931 0.0773497 0.17762 0.206467 0.186943 0.191179 0.231927 0.217306 0.227718 0.229937 0.214827 0.221363 0.165631 0.172359 0.14936 0.0906418 0.0868735 0.0194079 0.00492165 0.0642088 0.0334604 0.0334114 0 
0 0.00569483 0.0102576 0.0204037 0.0191303 0.00930339 0.0902342 0.151612 0.172439 0.151334 0.237944 0.231166 0.231976 0.265197 0.249757 0.273072 0.286855 0.297598 0.273486 0.252717 0.25915 0.183758 0.165008 0.115776 0.132694 0.0958233 0.0699657 0.0236926 0.0203887 0.0221664 0 
0 0.0270907 0.0146487 0.0164775 0.0138675 0.0217418 0.0526542 0.115351 0.127799 0.190843 0.229746 0.281934 0.266145 0.304434 0.30443 0.326789 0.313825 0.32745 0.294746 0.280298 0.263935 0.259551 0.197961 0.18175 0.131546 0.111081 0.0968515 0.0698116 0.000890528 0.0466202 0 
0 0.0233058 0.00642589 0.0171646 0.0373304 0.0512103 0.0855055 0.152467 0.182159 0.214333 0.221109 0.289768 0.306866 0.338766 0.34181 0.331103 0.314561 0.350073 0.353746 0.299312 0.312461 0.271161 0.261582 0.221744 0.141928 0.0846817 0.0954396 0.0457275 0.0427366 0.0430611 0 
0 0.00891305 0.0424303 0.0115646 0.000328992 0.0395739 0.091205 0.155141 0.204792 0.249463 0.242239 0.291798 0.335386 0.356941 0.345336 0.372106 0.367888 0.378232 0.363796 0.375271 0.365047 0.265366 0.264549 0.234351 0.100591 0.104844 0.0922682 0.0397476 0.0295542 0.0217326 0 
0 0.00900434 0.00274141 0.00459739 0.0107435 0.063435 0.141128 0.153394 0.213804 0.27005 0.306677 0.314358 0.346525 0.360886 0.370379 0.384133 0.408483 0.383596 0.402712 0.37257 0.326088 0.327702 0.221793 0.171028 0.138121 0.094365 0.091662 0.0272231 0.0290792 0.00469654 0 
0 0.00472294 0.0328814 0.0290795 0.0127306 0.0236698 0.0485994 0.138978 0.246554 0.271774 0.29613 0.283948 0.362349 0.3877 0.392026 0.422873 0.422177 0.419317 0.342949 0.369834 0.305597 0.307041 0.285763 0.169066 0.120622 0.0957211 0.0917155 0.0464882 0.0381685 0.00366008 0 
0 3.14338e-07 0.0122101 0.020206 0.00785159 0.0345115 0.0691589 0.18387 0.221921 0.223284 0.280841 0.310918 0.358156 0.383357 0.367778 0.421402 0.399954 0.392944 0.352482 0.342982 0.330966 0.329168 0.292021 0.240809 0.165956 0.125559 0.0475019 0.058146 0.0260503 0.0252892 0 
0 0.00846564 0.0393454 0.00738866 0.00683211 0.0798848 0.100782 0.135816 0.194854 0.224593 0.28224 0.339507 0.360509 0.333069 0.3651 0.400253 0.405689 0.407953 0.389239 0.352421 0.337538 0.323062 0.256384 0.221695 0.147421 0.0616085 0.0605666 0.0695551 0.0674104 0.0505893 0 
0 0.000579679 0.0206836 0.0215292 0.0324298 0.0613441 0.122083 0.178478 0.197567 0.237714 0.248021 0.333067 0.359792 0.375045 0.38537 0.409256 0.414127 0.428378 0.335968 0.350845 0.322238 0.314225 0.273994 0.256604 0.169573 0.0955559 0.048399 0.0143583 0.0481165 0.0166215 0 
0 0.00292735 0.0182468 0.00669642 0.0416289 0.0708941 0.108473 0.143196 0.192003 0.228177 0.260855 0.284634 0.362699 0.391782 0.409682 0.419292 0.395517 0.358673 0.373613 0.371715 0.338296 0.296345 0.206299 0.213583 0.172688 0.121311 0.0606031 0.0134054 0.0408225 0.0103295 0 
0 0.0197902 0.000732845 0.0567644 0.0376248 0.0607808 0.10785 0.147167 0.186219 0.205078 0.240975 0.294382 0.350843 0.382674 0.396463 0.415717 0.410936 0.394557 0.335322 0.35413 0.328056 0.295275 0.245759 0.214595 0.165952 0.109159 0.0781768 0.00611084 0.0300509 0.0165926 0 
0 0.00207368 0.0052305 0.0248008 0.0656912 0.0696437 0.0969132 0.141227 0.140385 0.193279 0.235201 0.300143 0.321755 0.364634 0.365605 0.396061 0.38507 0.3866 0.382731 0.352687 0.310964 0.293442 0.256435 0.235697 0.165133 0.122135 0.0448401 0.0240046 0.0137463 0.0182851 0 
0 0.00366369 0.0101445 0.021697 0.0474284 0.0810066 0.10048 0.135094 0.150971 0.185935 0.214356 0.273834 0.308143 0.344384 0.362399 0.380853 0.385828 0.377431 0.3731 0.33877 0.338665 0.307097 0.281508 0.197987 0.169344 0.109114 0.0511986 0.0270001 0.0307353 0.0144436 0 
0 0.016031 0.00116292 0.0367681 0.0290533 0.0737626 0.0998271 0.128917 0.157729 0.197906 0.209136 0.238 0.299606 0.303277 0.328699 0.337183 0.360201 0.366526 0.348885 0.33564 0.318019 0.269013 0.235369 0.189292 0.14684 0.0752662 0.0318301 0.0373736 0.025957 0.000945607 0 
0 0.0115192 0.0170939 0.0209686 0.0329631 0.0792165 0.113892 0.135444 0.146198 0.168551 0.195412 0.205807 0.272463 0.305752 0.282358 0.31213 0.334848 0.331269 0.332288 0.320572 0.322382 0.300595 0.227048 0.145523 0.116967 0.0979331 0.0486169 0.0345416 0.0335825 0.0231903 0 
0 0.0137708 0.028379 0.0095914 0.0454436 0.0626019 0.124331 0.135567 0.139995 0.170749 0.19061 0.215425 0.265028 0.27241 0.298088 0.310465 0.326487 0.295263 0.314371 0.321431 0.301697 0.268223 0.239316 0.187626 0.136328 0.0835836 0.0546516 0.0619853 0.0245581 0.00449227 0 
0 0.00925396 0.00426335 0.00028504 0.0218087 0.0629348 0.0970669 0.119248 0.125823 0.139402 0.197732 0.215261 0.256902 0.267318 0.278376 0.291201 0.308967 0.305433 0.282425 0.277617 0.262177 0.258113 0.233098 0.181176 0.130501 0.0886291 0.0909655 0.0683945 0.0245579 0.000116068 0 
0 0.00353876 0.00339963 0.0134033 0.0303173 0.0627186 0.100042 0.111527 0.120605 0.144078 0.160685 0.208784 0.215412 0.256968 0.278695 0.289935 0.296024 0.294256 0.282179 0.276206 0.251639 0.246141 0.194991 0.161078 0.129946 0.10182 0.0634678 0.0457284 0.0498445 0.012702 0 
0 0.00153278 0.0171848 0.0107788 0.030805 0.0483917 0.0822871 0.100821 0.124729 0.15524 0.168588 0.187336 0.211493 0.228716 0.253634 0.273476 0.281496 0.279051 0.271225 0.240371 0.240834 0.23715 0.197803 0.167754 0.147126 0.105717 0.0939258 0.0544156 0.0380646 0.0139628 0 
0 0.00424896 0.00949059 0.0106308 0.0245902 0.0454073 0.0607406 0.0932494 0.102295 0.133306 0.157906 0.187743 0.206565 0.22809 0.246095 0.260759 0.267258 0.255272 0.255956 0.23511 0.22271 0.214554 0.196306 0.151352 0.136119 0.108551 0.0758405 0.055141 0.039348 0.0186434 0 
0 0.0151994 0.0135909 0.0124697 0.0249342 0.0333358 0.0439137 0.0836064 0.100069 0.125328 0.151102 0.175248 0.188061 0.211481 0.233766 0.236033 0.243995 0.238202 0.233591 0.220735 0.213542 0.202718 0.189233 0.139915 0.119434 0.100068 0.0743757 0.0552886 0.0536019 0.0249958 0 
0 0.00233652 0.0243941 0.0319847 0.0421507 0.0433112 0.0609902 0.0806679 0.111531 0.128258 0.148586 0.158513 0.177697 0.190172 0.214977 0.220985 0.218952 0.210298 0.218397 0.204676 0.200118 0.194762 0.168049 0.134634 0.131959 0.112583 0.0813014 0.0506179 0.0343692 0.0132414 0 
0 0.0297424 0.0260016 0.0434565 0.0464239 0.0496304 0.0691059 0.0862162 0.108042 0.126388 0.143409 0.1592 0.171495 0.185096 0.199485 0.201475 0.202725 0.206553 0.203663 0.199797 0.179582 0.17386 0.156794 0.136455 0.124941 0.10176 0.0712851 0.0573234 0.0428374 0.0214858 0 
0 0.0156808 0.0406897 0.0439039 0.0531002 0.0641418 0.0773941 0.0898562 0.108596 0.121569 0.135741 0.153803 0.169381 0.177563 0.186035 0.188695 0.187765 0.197421 0.194239 0.183471 0.169938 0.166828 0.149709 0.139117 0.11406 0.111511 0.0947791 0.0691895 0.0505937 0.0288856 0 
0 0.0207215 0.0408488 0.0658317 0.0699809 0.0743791 0.0827529 0.0959736 0.114061 0.120527 0.132596 0.148992 0.164156 0.172338 0.17673 0.182683 0.182709 0.188301 0.187446 0.177678 0.163548 0.160321 0.147611 0.135192 0.112074 0.10868 0.0958016 0.0751393 0.0474837 0.0305243 0 
0 0.0366733 0.0511746 0.0718153 0.0794279 0.0833827 0.0891144 0.0998778 0.111618 0.120155 0.133681 0.14799 0.159594 0.168268 0.173854 0.179311 0.181228 0.183941 0.180657 0.172539 0.162625 0.158108 0.145831 0.133852 0.119672 0.10964 0.0955837 0.0844815 0.0615928 0.0271384 0 
0 0.226519 0.299081 0.343922 0.371493 0.387651 0.396072 0.399257 0.399006 0.396657 0.393235 0.389525 0.386126 0.383481 0.381896 0.381547 0.382484 0.384638 0.387813 0.391688 0.395802 0.399539 0.4021 0.402449 0.399233 0.390647 0.374182 0.346158 0.300717 0.227409 0 
