0 0 0 0 0 0 0 0 0 0 0 0 0 0 0 0 0 0 0 0 0 0 0 0 0 0 0 0 0 0 0 
0 0.00267552 0.0150371 0.00442777 0.02405 0.0295479 0.00947232 0.0243517 0.00605187 0.0111803 0.00172149 0.0133948 0.0303271 0.0141564 0.0252129 0.00417911 0.00721675 0.0312985 0.0200514 0.0308477 0.00907528 0.00750902 0.0280343 0.0294338 0.0167674 0.0179504 0.0176412 0.00149229 0.0107961 0.0030568 0 
0 0.0107444 0.0193686 0.0103738 0.0304078 0.0124085 0.00430811 0.00374651 0.0111692 0.0254339 0.0193283 0.0291317 0.0279083 0.0433963 0.0488423 0.0477157 0.0518195 0.0272047 0.0550851 0.0723011 0.0750065 0.0506141 0.0496981 0.00239588 0.0281566 0.0172164 0.00509659 0.0197697 0.00236301 0.01181 0 
0 0.0224412 0.0288138 0.00305751 0.017521 0.0128205 0.0338939 0.0110019 0.0187849 0.0404055 0.0208528 0.0333449 0.0250952 0.0507201 0.069134 0.0720704 0.0837386 0.0546204 0.075204 0.0977706 0.0881324 0.0772872 0.0457506 0.0599595 0.0405512 0.0408445 0.0323496 0.0419459 0.0290064 0.0197013 0 
0 0.00247977 0.0126754 0.00139182 0.00287826 0.0194847 0.0093931 0.028745 0.0218733 0.0467394 0.0474016 0.0476825 0.0452402 0.0563571 0.0903394 0.0516897 0.0726974 0.0566479 0.0953464 0.108753 0.123784 0.0759493 0.0828985 0.0996152 0.0855969 0.0502807 0.0115956 0.0338131 0.0343247 0.00425061 0 
0 0.0234026 0.00194496 0.0201291 0.00919868 0.00582155 0.00221712 0.0450432 0.0600846 0.0372245 0.0725669 0.0726161 0.0696366 0.0614355 0.104486 0.090722 0.0944071 0.0894518 0.123719 0.128331 0.120532 0.0945786 0.0851972 0.0848443 0.0845354 0.0607668 0.0475331 0.0431254 0.0263635 0.00887449 0 
0 0.0158654 0.0141322 0.0274024 0.0206053 0.0136852 0.00266041 0.0405761 0.0489242 0.05705 0.0762671 0.0863853 0.0722218 0.0732271 0.0949776 0.0999713 0.102852 0.113816 0.118399 0.110821 0.0897592 0.080997 0.073381 0.0965193 0.0549375 0.0439911 0.0535492 0.050756 0.0412611 0.0262895 0 
0 0.00463068 0.00283493 0.0192824 0.0161 0.0236528 0.0205578 0.0354521 0.0389191 0.0461991 0.0747932 0.0863425 0.0746786 0.0492458 0.070599 0.0933765 0.0864402 0.100379 0.110333 0.0862247 0.0716759 0.0738791 0.0818766 0.0700813 0.0626459 0.0397684 0.0396561 0.0288536 0.0240766 0.00311979 0 
0 0.00219288 0.0107289 0.0105757 0.00532529 0.0554894 0.047295 0.03914 0.0312104 0.036372 0.0543052 0.0638277 0.0673397 0.0652427 0.0767869 0.0817731 0.093015 0.0797564 0.111166 0.0964218 0.0882114 0.0848567 0.0777175 0.0688311 0.066891 0.0415611 0.0356496 0.0101056 0.0217801 0.0199467 0 
0 0.00567331 0.00161234 0.0201879 0.02871 0.0374331 0.0237687 0.0401111 0.0388128 0.0457963 0.0535921 0.0515994 0.0478976 0.0659267 0.0725111 0.0885797 0.10106 0.095881 0.107784 0.0731971 0.0751787 0.0696481 0.0813385 0.072287 0.033612 0.0154037 0.0310782 0.0306522 0.0119194 0.00398884 0 
0 0.00759269 0.0142067 0.0409362 0.0553661 0.0306497 0.0259664 0.00324276 0.0361404 0.0270907 0.0273616 0.0500287 0.0583042 0.0716414 0.0808924 0.0953724 0.0933668 0.100003 0.0942139 0.0580323 0.0753167 0.0800897 0.050538 0.0569477 0.0558192 0.0248024 0.0198693 0.00802371 0.0128622 0.00264346 0 
0 0.0193117 0.0178994 0.0287169 0.0211518 0.0263902 0.0234609 0.00892604 0.0175924 0.0256111 0.047901 0.0420498 0.0597889 0.0673412 0.0869638 0.0866269 0.100934 0.0925006 0.0729267 0.065222 0.0551716 0.0583732 0.0598321 0.0370802 0.034081 0.0176926 0.0230703 0.00407233 0.00781883 0.00792514 0 
0 0.0232097 0.0301904 0.028532 0.0197925 0.0236281 0.0152765 0.0215331 0.0314558 0.0357332 0.0254608 0.0465909 0.0635912 0.075647 0.0861289 0.0747056 0.0798396 0.0792407 0.0738827 0.0657629 0.0615702 0.0600635 0.0459013 0.0376542 0.0232907 0.000513954 0.0056886 0.0107247 0.0100678 0.00321416 0 
0 1.97934e-06 0.0102734 0.00900735 0.00832498 0.00366164 0.01435 0.0244221 0.0393834 0.0331288 0.0275179 0.0383013 0.052019 0.0630282 0.0715424 0.0652359 0.0740582 0.0750943 0.0763524 0.0644934 0.0672986 0.0529604 0.0291818 0.0131408 0.0238219 0.0142088 0.00309032 0.0201768 0.00451758 0.0076977 0 
0 0.0073833 0.00789024 0.0198458 0.00262245 0.00408855 0.00967465 0.00777801 0.0329135 0.0413676 0.0313532 0.0431443 0.0486951 0.0565705 0.0578821 0.0613973 0.0681409 0.0704303 0.0578225 0.0623746 0.0541848 0.0506845 0.0365195 0.0352144 0.012651 0.000752579 0.0041772 0.0126432 0.00342991 0.00377152 0 
0 0.00152484 0.00664593 0.00758375 0.00629221 0.00680254 0.0218359 0.0225209 0.0153161 0.0162208 0.0206292 0.0404946 0.0480264 0.0431056 0.0536474 0.0547616 0.0593116 0.0622508 0.059474 0.0608823 0.0403746 0.0343387 0.0218446 0.023405 0.000929189 0.0102652 0.00195334 0.0169423 0.00937412 0.0216111 0 
0 0.00395592 0.0056205 0.00177078 0.0165702 0.00745911 0.00481925 0.0141078 0.01734 0.0238585 0.0296937 0.0310811 0.0469683 0.0506215 0.0505053 0.0578721 0.0546339 0.0611364 0.0650089 0.0601678 0.0468502 0.0252508 0.0328788 0.0231065 0.0168138 0.0145369 0.0102213 0.00272122 0.00126236 0.0127003 0 
0 0.00212441 0.00431933 0.017182 0.0156048 0.00744484 0.0065577 0.0118107 0.0175061 0.0152298 0.0246811 0.0296418 0.0407602 0.0500435 0.0521265 0.046104 0.0477218 0.0583331 0.0505263 0.0462027 0.0431075 0.0220716 0.0177986 0.0237698 0.0304352 0.032487 0.0187756 0.00330614 0.0221047 0.00698935 0 
0 0.000438726 0.00325938 0.00719583 0.00565987 0.00246489 0.00137329 0.00747934 0.0177352 0.0190627 0.0247121 0.0276905 0.0390261 0.0476685 0.0412847 0.0533507 0.0428139 0.0453313 0.0431166 0.0382694 0.036435 0.0228903 0.0164851 0.0182935 0.0205868 0.020093 0.0205109 0.00480233 0.00229004 0.000655783 0 
0 0.00452267 0.000280912 0.00355132 0.00599363 0.00333993 0.00448852 0.00469124 0.0088413 0.0149744 0.0259251 0.0373469 0.0400565 0.0446641 0.0425771 0.0453905 0.0479076 0.0496511 0.0432052 0.0445787 0.0362334 0.0343276 0.0201977 0.0178796 0.0157764 0.0102707 0.0136451 0.00598578 0.00574769 0.000136431 0 
0 0.00281824 0.00226332 0.000357605 0.00723303 0.0139092 0.000653465 0.0115657 0.017758 0.0196032 0.0302755 0.0318838 0.0401139 0.0465354 0.0433071 0.0419918 0.0463496 0.0411435 0.039007 0.0428127 0.0280777 0.0196973 0.0176947 0.0150991 0.0178131 0.00447275 0.00426 0.00410472 0.0049384 0.002711 0 
0 0.00234981 0.0011161 0.00337617 0.00941527 0.00625162 0.00251215 0.0101796 0.0181955 0.0215223 0.023348 0.0300741 0.0301862 0.0422425 0.0405871 0.0429239 0.0465619 0.0385865 0.0371418 0.0315279 0.0260871 0.0230171 0.023667 0.0203247 0.0196359 0.00801921 0.0114448 0.00604098 0.00767802 0.00323258 0 
0 0.0170626 0.00487017 0.0066793 0.0143073 0.0118147 0.0112487 0.0126894 0.0220462 0.0240763 0.0246924 0.0308081 0.0259805 0.0336199 0.0365827 0.036594 0.0402692 0.041444 0.0359118 0.0297408 0.024757 0.0244144 0.018957 0.0180483 0.0135297 0.00900877 0.0122407 0.0120229 0.000112495 0.0016897 0 
0 0.00097154 0.00267724 0.00849717 0.0133515 0.0214482 0.0116194 0.0159287 0.0189749 0.0248447 0.027287 0.0311603 0.0322665 0.0334773 0.0351879 0.0335124 0.0391894 0.0390058 0.0360752 0.0337029 0.0227478 0.0199895 0.0173847 0.0143115 0.0175137 0.00905719 0.012533 0.01039 0.00359541 0.00541017 0 
0 0.00402386 0.00577099 0.0138137 0.0179816 0.0193135 0.00890668 0.0145237 0.0212701 0.0268195 0.0305788 0.0352414 0.0320091 0.0339135 0.0319812 0.0328335 0.0338224 0.0353607 0.0298993 0.0275159 0.0268714 0.0263423 0.0256632 0.0134652 0.0110443 0.0116535 0.0154523 0.017459 0.0103709 0.00161515 0 
0 0.0106151 0.00423911 0.0102774 0.0130714 0.0194489 0.0180231 0.02166 0.025156 0.0267938 0.0283733 0.0325949 0.0340862 0.0313719 0.0319744 0.0306263 0.030844 0.029548 0.0293113 0.0250121 0.0274331 0.0253736 0.027377 0.021176 0.01612 0.0186284 0.0148048 0.00822448 7.6674e-06 0.00247541 0 
0 0.0184525 0.0114627 0.0254044 0.0169528 0.0195529 0.020576 0.0200412 0.0219364 0.0249348 0.0272983 0.0297379 0.0319407 0.0314042 0.0297078 0.0294113 0.0290138 0.028449 0.0273283 0.0237549 0.0237564 0.0266466 0.0254689 0.0205269 0.0228784 0.0182352 0.0146431 0.00801811 0.0118365 0.0013606 0 
0 0.0172186 0.0241497 0.0258906 0.019381 0.0169585 0.0204819 0.0221367 0.0222647 0.0255142 0.0276527 0.0299047 0.0298185 0.0283783 0.0287572 0.0280653 0.0267689 0.0262039 0.0283823 0.0242205 0.0260341 0.0258687 0.0280796 0.0216588 0.0258938 0.0194731 0.0154481 0.00959926 0.0130128 0.0139418 0 
0 0.0160227 0.0262624 0.0327513 0.0235807 0.0269996 0.0249997 0.0242957 0.0262966 0.0268662 0.0271507 0.0285376 0.0289231 0.028032 0.0290517 0.027698 0.027037 0.027806 0.0268487 0.025292 0.0266091 0.0260578 0.0268342 0.0270261 0.0263484 0.0215942 0.0216921 0.0262044 0.0205076 0.0208783 0 
0 0.0345268 0.0336373 0.036671 0.0310991 0.0301402 0.0312855 0.0284671 0.0278352 0.0279272 0.0277391 0.0284567 0.0281148 0.0278438 0.0278036 0.0269854 0.0268732 0.027516 0.0268281 0.0262 0.0285826 0.027629 0.0306377 0.0310892 0.0294123 0.0292725 0.03293 0.0296603 0.0323342 0.0299398 0 
0 0.226519 0.299081 0.343922 0.371493 0.387651 0.396072 0.399257 0.399006 0.396657 0.393235 0.389525 0.386126 0.383481 0.381896 0.381547 0.382484 0.384638 0.387813 0.391688 0.395802 0.399539 0.4021 0.402449 0.399233 0.390647 0.374182 0.346158 0.300717 0.227409 0 
