-0 0.104528 0.207912 0.309017 0.406737 0.5 0.587785 0.669131 0.743145 0.809017 0.866025 0.913545 0.951057 0.978148 0.994522 1 0.994522 0.978148 0.951057 0.913545 0.866025 0.809017 0.743145 0.669131 0.587785 0.5 0.406737 0.309017 0.207912 0.104528 -0 
-0.104528 -0.0212604 0.132056 0.1964 0.330281 0.408215 0.524274 0.604807 0.653862 0.711274 0.814464 0.883213 0.890384 0.949322 0.948203 0.917716 0.946888 0.915974 0.877517 0.870321 0.814753 0.706062 0.643318 0.632895 0.554787 0.44782 0.280087 0.171335 0.0851482 -0.0201003 -0.104528 
-0.207912 -0.0832175 -0.0161201 0.132272 0.234457 0.300432 0.398157 0.473541 0.684364 0.656436 0.691365 0.824653 0.823694 0.876916 0.888709 0.934185 0.840696 0.885912 0.829765 0.864749 0.848692 0.791098 0.630236 0.532493 0.315736 0.311526 0.212035 0.0629125 -0.0213593 -0.0991414 -0.207912 
-0.309017 -0.223708 -0.171733 -0.0357643 0.0730124 0.246576 0.207456 0.398421 0.535878 0.475475 0.71605 0.738371 0.81832 0.839618 0.835269 0.886603 0.894432 0.790395 0.806 0.712005 0.715689 0.647453 0.351377 0.378517 0.27453 0.168169 0.0862441 -0.0635382 -0.120318 -0.213898 -0.309017 
-0.406737 -0.347789 -0.171278 -0.207148 -0.122348 0.0446147 0.28109 0.345839 0.402096 0.564629 0.625765 0.690782 0.818342 0.679611 0.826515 0.731779 0.838015 0.900213 0.823038 0.733672 0.757169 0.455155 0.318619 0.397555 0.21671 0.0909515 -0.0271967 -0.103645 -0.238543 -0.336856 -0.406737 
-0.5 -0.396737 -0.273591 -0.281454 -0.11845 -0.0766709 -0.0220434 0.389251 0.323608 0.487795 0.420916 0.7078 0.69302 0.766334 0.718067 0.812231 0.795768 0.732373 0.603224 0.570977 0.653222 0.539452 0.470235 0.211805 0.251474 -0.0659442 -0.180889 -0.239789 -0.334161 -0.443441 -0.5 
-0.587785 -0.497905 -0.483572 -0.260345 -0.215732 -0.0699408 0.0798617 0.22468 0.0672402 0.420245 0.346633 0.450607 0.697241 0.596861 0.734296 0.702269 0.706145 0.818227 0.634084 0.622498 0.508113 0.323975 0.303053 0.0454299 -0.0667122 -0.114624 -0.196881 -0.317921 -0.412289 -0.468676 -0.587785 
-0.669131 -0.53648 -0.540067 -0.449692 -0.268108 -0.226132 -0.0815614 0.0494705 0.0726166 0.187176 0.193717 0.48071 0.666887 0.566344 0.673468 0.685006 0.569051 0.676269 0.683741 0.619977 0.364633 0.192373 0.0620003 -0.048198 -0.155861 -0.171202 -0.0916482 -0.357548 -0.500161 -0.597422 -0.669131 
-0.743145 -0.679656 -0.617891 -0.480872 -0.498436 -0.380467 -0.26932 -0.139583 0.239647 0.21876 0.206321 -0.0118681 0.254091 0.606981 0.638092 0.72825 0.533075 0.598309 0.501215 0.27634 0.439619 -0.203671 -0.0174629 -0.31943 -0.18721 -0.392438 -0.451665 -0.589152 -0.586228 -0.66395 -0.743145 
-0.809017 -0.712087 -0.694788 -0.615722 -0.520547 -0.512522 -0.300763 -0.178273 -0.30391 0.25567 0.099534 0.221329 0.3633 0.292402 0.766212 0.549256 0.394454 0.25291 0.392032 0.301686 0.259091 0.0257282 -0.25298 -0.111329 -0.303746 -0.513614 -0.504354 -0.653087 -0.720416 -0.778551 -0.809017 
-0.866025 -0.827064 -0.724297 -0.776187 -0.628128 -0.429743 -0.33506 -0.630647 -0.30396 -0.276473 -0.107557 -0.150124 0.302043 0.104838 0.588471 0.419529 0.401035 0.130633 0.150978 -0.0480547 0.020732 -0.23 -0.119687 -0.457807 -0.323598 -0.608481 -0.661523 -0.588515 -0.812572 -0.826216 -0.866025 
-0.913545 -0.817999 -0.79062 -0.807294 -0.787971 -0.577137 -0.60806 -0.401493 -0.425015 -0.160097 -0.262876 -0.232473 -0.0128565 0.226381 0.398536 0.255499 -0.00406207 -0.018976 0.35262 0.0178788 -0.00616659 -0.525321 -0.30431 -0.396785 -0.457899 -0.674914 -0.63579 -0.840306 -0.766097 -0.886121 -0.913545 
-0.951057 -0.904139 -0.899997 -0.820047 -0.772056 -0.631578 -0.67642 -0.562036 -0.311516 -0.483396 -0.435848 -0.188461 0.128028 0.204818 0.0981793 -0.487791 0.585403 0.416304 -0.327314 -0.35624 -0.133974 -0.621441 -0.499576 -0.637285 -0.57549 -0.746298 -0.687154 -0.760994 -0.800027 -0.910294 -0.951057 
-0.978148 -0.903814 -0.895145 -0.884696 -0.846013 -0.750502 -0.624902 -0.775855 -0.699396 -0.474792 -0.455279 -0.204277 -0.139359 0.0236547 0.0752999 0.279619 -0.0974715 -0.228227 0.0368785 -0.374417 -0.481486 -0.605836 -0.800602 -0.542695 -0.698434 -0.831082 -0.835321 -0.865218 -0.903288 -0.932228 -0.978148 
-0.994522 -0.97202 -0.94993 -0.890588 -0.790916 -0.842868 -0.712137 -0.895632 -0.6629 -0.515439 -0.446599 -0.337076 -0.101218 -0.197916 -0.15441 -0.643583 0.38676 0.0134001 0.132552 -0.470368 -0.682024 -0.818525 -0.625699 -0.663398 -0.726445 -0.798243 -0.83422 -0.920315 -0.872139 -0.967195 -0.994522 
-1 -0.972348 -0.922575 -0.912878 -0.882872 -0.809602 -0.814242 -0.868256 -0.78731 -0.623767 -0.477419 -0.431315 -0.435628 -0.77185 -0.516708 0.142146 -0.5457 -0.398829 -0.667314 -0.466981 -0.448464 -0.662859 -0.760722 -0.761687 -0.916098 -0.896793 -0.840428 -0.895601 -0.924984 -0.970147 -1 
-0.994522 -0.943812 -0.931871 -0.833896 -0.85913 -0.890296 -0.857973 -0.763355 -0.782284 -0.679138 -0.569921 -0.646159 -0.434767 -0.46725 -0.353102 -0.467461 0.0796934 -0.440246 -0.459894 -0.52874 -0.546102 -0.655683 -0.799704 -0.76055 -0.889586 -0.869857 -0.895715 -0.932529 -0.964368 -0.974949 -0.994522 
-0.978148 -0.920888 -0.90841 -0.870857 -0.852478 -0.740108 -0.660493 -0.921831 -0.801548 -0.700991 -0.675623 -0.710083 -0.560396 -0.617884 -0.536439 0.234668 -0.715801 -0.612315 -0.836922 -0.640917 -0.668497 -0.788341 -0.698725 -0.833903 -0.863962 -0.819647 -0.891396 -0.914427 -0.916972 -0.944398 -0.978148 
-0.951057 -0.932405 -0.907 -0.819084 -0.871662 -0.839609 -0.888803 -0.91133 -0.681678 -0.736401 -0.570347 -0.475554 -0.638147 -0.851574 -0.624519 -0.72591 -0.53897 -0.321196 -0.672345 -0.70139 -0.708505 -0.618522 -0.759129 -0.793876 -0.773341 -0.772433 -0.863606 -0.86185 -0.901729 -0.911969 -0.951057 
-0.913545 -0.881961 -0.857898 -0.849608 -0.838658 -0.816922 -0.749139 -0.728403 -0.76273 -0.819413 -0.589095 -0.555014 -0.681658 -0.313284 -0.601196 -0.855315 -0.324705 -0.790917 -0.652169 -0.621571 -0.658103 -0.745842 -0.777465 -0.774238 -0.809751 -0.825692 -0.769247 -0.833683 -0.860848 -0.902624 -0.913545 
-0.866025 -0.840325 -0.822472 -0.808242 -0.781384 -0.747924 -0.772867 -0.782887 -0.859918 -0.672745 -0.592074 -0.736845 -0.460609 -0.433297 -0.782967 -0.419041 -0.689248 -0.737643 -0.906683 -0.676176 -0.583275 -0.775205 -0.664713 -0.779065 -0.785761 -0.770234 -0.750336 -0.781086 -0.828718 -0.853228 -0.866025 
-0.809017 -0.819105 -0.77032 -0.735854 -0.786304 -0.728769 -0.778234 -0.750012 -0.853136 -0.773494 -0.668449 -0.722547 -0.725443 -0.682851 -0.770438 -0.687068 0.0830876 -0.629181 -0.63346 -0.679149 -0.662285 -0.769887 -0.669668 -0.618969 -0.714925 -0.706895 -0.759013 -0.764151 -0.787491 -0.778688 -0.809017 
-0.743145 -0.759073 -0.724352 -0.59717 -0.673437 -0.652642 -0.646114 -0.695661 -0.658702 -0.572651 -0.665784 -0.75606 -0.597697 -0.841036 -0.415701 -0.617663 -0.765281 -0.91452 -0.679256 -0.589952 -0.593096 -0.790405 -0.652996 -0.603569 -0.654349 -0.66871 -0.69425 -0.676705 -0.687038 -0.726469 -0.743145 
-0.669131 -0.654131 -0.652102 -0.656774 -0.600359 -0.715853 -0.714814 -0.684443 -0.544194 -0.59572 -0.499467 -0.434513 -0.81399 -0.838559 -0.491645 -0.483672 -0.354536 -0.550207 -0.640773 -0.606786 -0.682604 -0.619251 -0.652274 -0.629566 -0.601472 -0.640759 -0.608082 -0.601276 -0.690599 -0.653993 -0.669131 
-0.587785 -0.567918 -0.535979 -0.546907 -0.543901 -0.572329 -0.604145 -0.531864 -0.623271 -0.472149 -0.665048 -0.634794 -0.555945 -0.620075 -0.387939 -0.650849 -0.427293 -0.530413 -0.514183 -0.527295 -0.635073 -0.495696 -0.619128 -0.507852 -0.672718 -0.538881 -0.563763 -0.564699 -0.544245 -0.579345 -0.587785 
-0.5 -0.466778 -0.501989 -0.501079 -0.52723 -0.507523 -0.507356 -0.463575 -0.473607 -0.482939 -0.395368 -0.627881 -0.579088 -0.527046 -0.518698 -0.628177 -0.525289 -0.343814 -0.550799 -0.394984 -0.3966 -0.453997 -0.537355 -0.514808 -0.550387 -0.447603 -0.507881 -0.546734 -0.463531 -0.49439 -0.5 
-0.406737 -0.41565 -0.442872 -0.443592 -0.541227 -0.411292 -0.510005 -0.466505 -0.54403 -0.53563 -0.421499 -0.405466 -0.538749 -0.588744 -0.623161 -0.437444 -0.586165 -0.52709 -0.34866 -0.590244 -0.492695 -0.42786 -0.519463 -0.504265 -0.473357 -0.536371 -0.465568 -0.370002 -0.401662 -0.419378 -0.406737 
-0.309017 -0.332905 -0.410714 -0.363323 -0.407117 -0.365201 -0.42217 -0.383608 -0.582906 -0.487158 -0.538316 -0.480941 -0.5672 -0.548193 -0.574666 -0.486612 -0.572724 -0.522551 -0.620932 -0.417526 -0.428609 -0.493563 -0.371798 -0.412542 -0.323843 -0.41202 -0.395559 -0.349214 -0.338978 -0.344593 -0.309017 
-0.207912 -0.236676 -0.288669 -0.322182 -0.316367 -0.331454 -0.393676 -0.33301 -0.495194 -0.532064 -0.479033 -0.527797 -0.485026 -0.534011 -0.41466 -0.228077 -0.462027 -0.369683 -0.386202 -0.472572 -0.467971 -0.439797 -0.449475 -0.532816 -0.319504 -0.429742 -0.345402 -0.287798 -0.291772 -0.250623 -0.207912 
-0.104528 -0.169239 -0.204647 -0.233851 -0.325981 -0.366611 -0.368836 -0.326562 -0.452036 -0.490487 -0.373236 -0.363773 -0.34198 -0.703061 -0.44114 -0.359308 -0.392848 -0.52576 -0.24151 -0.454333 -0.423366 -0.405094 -0.443025 -0.381964 -0.377613 -0.290295 -0.365132 -0.272735 -0.223071 -0.171658 -0.104528 
-1.22461e-16 0 0 0 0 0 0 0 0 0 0 0 0 0 0 0 0 0 0 0 0 0 0 0 0 0 0 0 0 0 -1.22461e-16 
