0 0 0 0 0 0 0 0 0 0 0 0 0 0 0 0 0 0 0 0 0 0 0 0 0 0 0 0 0 0 0 
0 0.0200052 0.0254834 0.0277869 0.0222303 0.0282549 0.0292553 0.0330842 0.0220412 0.0207202 0.0121208 0.00692551 0.024123 0.00805877 0.0156443 0.00480322 0.018011 0.00515812 0.0177473 0.0161174 0.0262098 0.0186245 0.023029 0.0271991 0.0379198 0.0189176 0.0301835 0.0266997 0.0192905 0.0165838 0 
0 0.0255858 0.0320304 0.0276771 0.0263576 0.0219531 0.0252981 0.0173455 0.0170615 0.0126564 0.014696 0.00804147 0.00920715 0.00722165 0.0133217 0.0239768 0.00618291 0.019032 0.0190224 0.0257432 0.026446 0.0236086 0.031485 0.0127074 0.0303931 0.0358966 0.0302456 0.0219861 0.0228731 0.0180775 0 
0 0.0212547 0.0254263 0.0255628 0.0245373 0.0255133 0.0257088 0.0172771 0.0212823 0.0279228 0.0133562 0.0123815 0.023512 0.0241081 0.0070158 0.0206343 0.0103073 0.0185922 0.0188047 0.00556307 0.0284562 0.0220051 0.0219738 0.0360775 0.0222914 0.028494 0.023935 0.0262723 0.015917 0.0166722 0 
0 0.0204577 0.0217121 0.022913 0.0321553 0.0297732 0.0266457 0.0162622 0.0133738 0.025212 0.0139785 0.0194047 0.016698 0.00670149 0.0221238 0.0191395 0.00834125 0.0052884 0.0203089 0.0254888 0.0100293 0.0308137 0.0252811 0.0284467 0.0184483 0.0275346 0.0236333 0.0227182 0.0230776 0.0126617 0 
0 0.0168419 0.0220118 0.0274141 0.0254147 0.0251911 0.0319984 0.0306047 0.0290018 0.0166495 0.0207695 0.00961154 0.019752 0.00978529 0.0168502 0.00803521 0.0216403 0.0120626 0.0251361 0.0241009 0.0238453 0.0113457 0.026621 0.0208347 0.0335953 0.0218235 0.024565 0.0240235 0.0193482 0.0152518 0 
0 0.0213756 0.0224824 0.0223848 0.0260626 0.0241658 0.024155 0.015938 0.022404 0.019771 0.0272126 0.0195156 0.00978399 0.0111083 0.0141921 0.0231981 0.0236804 0.0126208 0.00737392 0.0279062 0.0112284 0.0281706 0.0141299 0.0264094 0.0294087 0.0290948 0.0199799 0.0247521 0.0179539 0.0148457 0 
0 0.0201765 0.0267587 0.0249251 0.0260421 0.0268248 0.0237718 0.0240141 0.0195911 0.0146733 0.0243372 0.0193134 0.010432 0.0174032 0.0243845 0.00481684 0.00865438 0.0105253 0.0231959 0.00627504 0.0110258 0.0331673 0.0262544 0.0268179 0.0295666 0.0224772 0.0219257 0.0223335 0.0182525 0.015233 0 
0 0.0208799 0.0187828 0.025873 0.0213517 0.0232497 0.0196856 0.0247705 0.0227355 0.0182514 0.01276 0.0167462 0.0227967 0.0156001 0.0164733 0.0174145 0.00509207 0.0185042 0.00674699 0.0262294 0.0287475 0.0100683 0.0342071 0.0307475 0.0263657 0.0279311 0.0214938 0.0225329 0.0191927 0.0187624 0 
0 0.0187756 0.0185844 0.028876 0.0250497 0.0299657 0.0256242 0.0267245 0.0202793 0.0224381 0.0203032 0.025449 0.0101809 0.0115921 0.0146814 0.00396012 0.00731203 0.0115416 0.0336428 0.0158671 0.028889 0.0184574 0.0130883 0.0283797 0.0270511 0.0199633 0.0261659 0.024644 0.0184677 0.0144145 0 
0 0.0179378 0.0205913 0.0207151 0.0230149 0.0204499 0.0253939 0.0203088 0.0193272 0.0270013 0.0216893 0.0143926 0.0113746 0.017144 0.0208827 0.0077306 0.018257 0.0171365 0.0258664 0.0230435 0.0187467 0.0119302 0.0181264 0.0177344 0.0238928 0.0256777 0.0230095 0.0199935 0.0210884 0.0155096 0 
0 0.015354 0.023521 0.0159902 0.0188792 0.0204248 0.020561 0.0198116 0.0224185 0.0218335 0.0227546 0.0113439 0.0161954 0.0203201 0.0144498 0.00972944 0.00705107 0.00673653 0.00808014 0.0211386 0.0204865 0.0243379 0.0255378 0.0228823 0.0232188 0.0326081 0.0197938 0.0222487 0.0164681 0.0178189 0 
0 0.0177042 0.0197978 0.0171042 0.0196299 0.0220643 0.020894 0.0187437 0.0224745 0.0162764 0.0216381 0.01249 0.00919019 0.00826567 0.0138058 0.00743383 0.0129936 0.00439904 0.0287065 0.0124504 0.0191497 0.0214458 0.0218128 0.0216096 0.0241444 0.0218865 0.0249185 0.0203385 0.0126341 0.0141514 0 
0 0.0188731 0.0207508 0.0168747 0.0199619 0.0201962 0.0219475 0.0181175 0.0185433 0.0210005 0.0194069 0.0220812 0.0111521 0.00707597 0.00476716 0.00541165 0.0138214 0.025797 0.00657231 0.00946604 0.0167519 0.0231907 0.0274748 0.0236708 0.0184021 0.0171077 0.0189431 0.0186287 0.0148975 0.0123375 0 
0 0.012528 0.0157841 0.0223785 0.0174219 0.018624 0.0179663 0.0185214 0.0185717 0.0212867 0.0172468 0.0154613 0.0165891 0.00654945 0.0100277 0.005879 0.00486265 0.00982096 0.0242594 0.0161403 0.0178623 0.0142765 0.0164716 0.0196191 0.021935 0.0223568 0.0195244 0.0184683 0.019128 0.0108294 0 
0 0.0158121 0.0154226 0.0120454 0.0174174 0.01856 0.0191429 0.0184162 0.0122415 0.0173607 0.0177919 0.0125667 0.0174131 0.0112879 0.0161373 0.0134442 0.0140773 0.00926656 0.00738239 0.0172029 0.0199901 0.0144219 0.016176 0.0167407 0.0163699 0.02221 0.0210803 0.0160986 0.0138858 0.00944898 0 
0 0.014756 0.0158903 0.0190501 0.0139493 0.0157639 0.0119482 0.0126691 0.0137246 0.0188687 0.0182289 0.0156707 0.00902111 0.00882242 0.0076964 0.00525681 0.00824244 0.0147878 0.0130544 0.0183632 0.00821108 0.0150336 0.0144104 0.0235324 0.0155478 0.0190846 0.0191209 0.0167877 0.0170005 0.0109095 0 
0 0.00997699 0.0138525 0.0205818 0.0161821 0.0156178 0.0143847 0.0136536 0.0154835 0.012227 0.0160031 0.0135461 0.0104569 0.0177364 0.00869873 0.014723 0.00911411 0.0106452 0.0172103 0.0144526 0.0183151 0.0226968 0.020917 0.0178906 0.0185491 0.0165054 0.0154022 0.0129831 0.0129535 0.0094505 0 
0 0.0116439 0.0136996 0.0130112 0.0144726 0.0152577 0.0144851 0.0104093 0.0110252 0.0128786 0.00860316 0.0132323 0.0128698 0.0064695 0.0165594 0.011044 0.0076607 0.0126435 0.0101366 0.0122355 0.00596033 0.0111017 0.019165 0.0194133 0.0167476 0.0123484 0.0139414 0.0165787 0.0139896 0.0098732 0 
0 0.0156647 0.0118241 0.0088673 0.0145612 0.0123055 0.0116574 0.00844959 0.0104229 0.0114001 0.00770858 0.0100357 0.0075618 0.00897732 0.004094 0.00721633 0.00764178 0.0183009 0.00820524 0.00764523 0.0137262 0.014359 0.0126222 0.013402 0.0139057 0.0163664 0.0106714 0.0125353 0.0114445 0.010064 0 
0 0.0076575 0.008883 0.00994481 0.0142658 0.0126764 0.0128392 0.00836295 0.00976091 0.0122517 0.0114243 0.00847556 0.00923687 0.00655257 0.010155 0.0105628 0.004564 0.00627819 0.0148293 0.012248 0.0120643 0.00999779 0.0116499 0.0146152 0.0128364 0.0142577 0.0134045 0.0126024 0.012316 0.00801231 0 
0 0.0122295 0.00970682 0.0116075 0.0116546 0.0116891 0.00989094 0.00870977 0.00782155 0.0109672 0.0124043 0.00776319 0.00911766 0.00515038 0.00361082 0.00625863 0.00639724 0.005727 0.00630644 0.00639659 0.0107631 0.00818541 0.0138261 0.0118129 0.00903315 0.0118371 0.0112193 0.0118225 0.0142123 0.0113504 0 
0 0.01064 0.0114164 0.00999125 0.00913469 0.00835356 0.00862504 0.0084685 0.0100507 0.0083365 0.00653002 0.00670901 0.00791045 0.00690652 0.00678419 0.00420622 0.0037317 0.00663347 0.00637296 0.0115257 0.00722095 0.00699628 0.00907964 0.0107354 0.00907579 0.0113644 0.0121538 0.0109375 0.0101025 0.00738544 0 
0 0.00898905 0.00936635 0.00817055 0.00671009 0.00836192 0.00746698 0.00845469 0.00747881 0.00708618 0.00605045 0.00599062 0.00588116 0.0067508 0.00363343 0.00535117 0.004444 0.00906632 0.00572295 0.00665505 0.00805831 0.0073145 0.00678946 0.0094454 0.00832015 0.0101407 0.0099877 0.0113412 0.00953421 0.00640212 0 
0 0.0114857 0.00941119 0.00712391 0.00764253 0.00531368 0.00592283 0.00759599 0.00615832 0.00667178 0.00731021 0.00546268 0.00603815 0.00510944 0.00528366 0.00574232 0.00493459 0.00547587 0.00675199 0.00668074 0.0061141 0.00496209 0.00533597 0.00810811 0.00645138 0.00909184 0.00845974 0.0078837 0.0110079 0.00780267 0 
0 0.00679753 0.0106342 0.00851569 0.00886922 0.0064591 0.00811484 0.00595853 0.00570354 0.00563039 0.00552619 0.00513419 0.00464056 0.00543261 0.00358864 0.00471178 0.00608494 0.00568947 0.00184849 0.00611391 0.00408711 0.00408986 0.0059829 0.00599131 0.00780727 0.00733819 0.00844849 0.00676664 0.00743201 0.00791183 0 
0 0.0105321 0.00771403 0.00766128 0.00545115 0.00486952 0.00650841 0.0046021 0.00435664 0.00454156 0.00425836 0.00363098 0.00427102 0.00362123 0.00307444 0.00415824 0.00332902 0.00262843 0.00353326 0.00247015 0.00583043 0.00548556 0.00489404 0.00476658 0.00514451 0.00628543 0.00607325 0.00811264 0.00957192 0.00678053 0 
0 0.00713294 0.00971264 0.00490801 0.00586641 0.0054024 0.00388566 0.00432373 0.00400435 0.00330331 0.0038574 0.00319074 0.00240417 0.0026751 0.00183874 0.00322701 0.00302817 0.00245785 0.00286643 0.00367094 0.00334291 0.00315418 0.00311217 0.0054817 0.00442503 0.00641087 0.0066439 0.0083202 0.00794743 0.00824985 0 
0 0.00950257 0.00696225 0.00796442 0.00607167 0.00377054 0.00199687 0.00256959 0.00328211 0.00226001 0.00232545 0.00224487 0.00216105 0.00168165 0.00167396 0.00113369 0.0013617 0.00152956 0.0014439 0.00200958 0.00291687 0.00321866 0.00234274 0.00278591 0.00194331 0.0043468 0.00541998 0.00556983 0.00676054 0.00649739 0 
0 0.0105215 0.00786099 0.00626542 0.00244393 0.0017332 0.00102095 0.00175001 0.00145146 0.00168181 0.00214882 0.00211615 0.00151463 0.00119586 0.000886229 0.000603736 0.000824077 0.000706447 0.0015429 0.00166432 0.00187078 0.00284774 0.00160438 0.00143618 0.00209498 0.00262961 0.00382569 0.00642994 0.007025 0.00674188 0 
0 0 0 0 0 0 0 0 0 0 0 0 0 0 0 0 0 0 0 0 0 0 0 0 0 0 0 0 0 0 0 
