0 0 0 0 0 0 0 0 0 0 0 0 0 0 0 0 0 0 0 0 0 0 0 0 0 0 0 0 0 0 0 
0 0.0140908 0.0156439 0.0178046 0.0192195 0.0168136 0.0174185 0.0187601 0.0181383 0.0166485 0.0174342 0.020306 0.0124358 0.0176832 0.0162424 0.0193979 0.0178455 0.0127228 0.0182094 0.0142677 0.0192632 0.0181821 0.0144615 0.0161583 0.0166981 0.017102 0.0142254 0.0142242 0.0119036 0.00945185 0 
0 0.0138442 0.0145098 0.0156305 0.01733 0.0186998 0.0163653 0.0158651 0.0161527 0.0155991 0.0153634 0.0139533 0.0163233 0.0133206 0.0146589 0.0128648 0.0131131 0.0175807 0.0119529 0.0125979 0.0105961 0.0160083 0.0157473 0.0197541 0.0148957 0.0164542 0.0158673 0.0131462 0.0128172 0.00877367 0 
0 0.0124295 0.0137542 0.0172963 0.0157349 0.0164953 0.0147666 0.0172478 0.0183205 0.0137735 0.0170323 0.0160313 0.0169516 0.0116919 0.0131651 0.0130376 0.0118137 0.0175872 0.0143078 0.0106561 0.015958 0.0148279 0.0175221 0.01179 0.0165587 0.0153876 0.0134494 0.0120594 0.0110479 0.00958286 0 
0 0.0122607 0.0130776 0.0141666 0.0143262 0.0139749 0.0172677 0.0136608 0.0159039 0.01378 0.014578 0.0130899 0.0142303 0.0133957 0.0101341 0.0183445 0.013232 0.0165797 0.0122127 0.0136856 0.0111067 0.0178756 0.0131193 0.010294 0.0132506 0.0168307 0.0150196 0.0131821 0.0123202 0.00988689 0 
0 0.0118813 0.0129441 0.0143025 0.0143913 0.0160283 0.0132195 0.013807 0.00949127 0.0155816 0.010387 0.0121386 0.0135389 0.014366 0.00727724 0.0125558 0.0128214 0.0123796 0.0101067 0.0119261 0.0137011 0.0150589 0.0150153 0.0145229 0.0142577 0.0144983 0.0135326 0.0126485 0.0128011 0.00872366 0 
0 0.0120396 0.0133292 0.0132782 0.0130152 0.0136183 0.0153049 0.0132107 0.0124865 0.01212 0.0117493 0.0124744 0.0143956 0.0124387 0.0119856 0.0118552 0.0106089 0.0101806 0.0131042 0.0146686 0.0157937 0.0155032 0.0141928 0.011335 0.0164874 0.0149685 0.0130805 0.0124509 0.0110794 0.00844488 0 
0 0.0110529 0.0138408 0.0136202 0.01228 0.0128856 0.0129358 0.0136695 0.0140387 0.0122055 0.0112966 0.0111018 0.0122172 0.016136 0.0129411 0.0106032 0.0136457 0.0107374 0.0114303 0.0157565 0.015077 0.0135788 0.0122999 0.0140292 0.0124307 0.013515 0.0129837 0.0132708 0.0112593 0.00883822 0 
0 0.0114571 0.0134035 0.013834 0.0114482 0.0131592 0.0105885 0.0120639 0.0139805 0.0114597 0.0116589 0.0118853 0.00931895 0.0101804 0.00975642 0.0101543 0.00922812 0.0130904 0.00895427 0.0108718 0.0105495 0.01171 0.0128097 0.012825 0.01198 0.0133423 0.012706 0.0124743 0.010338 0.00873516 0 
0 0.011003 0.0116964 0.0112572 0.0119458 0.0125653 0.0135983 0.0118372 0.00991775 0.0110282 0.0100043 0.0107262 0.0114595 0.00843412 0.0096359 0.0088334 0.00759302 0.00962181 0.00903037 0.013464 0.0121466 0.0122372 0.0109893 0.0114932 0.013338 0.0124857 0.0123362 0.011086 0.00994994 0.00743472 0 
0 0.0104342 0.0120863 0.0119212 0.0111233 0.0111298 0.0106893 0.013126 0.0109812 0.0118556 0.0119334 0.00804747 0.00876335 0.00779724 0.00776982 0.00738847 0.00862272 0.00810958 0.0101682 0.0126305 0.0093028 0.0102876 0.0126829 0.0102568 0.010259 0.0117019 0.0109719 0.0120801 0.0107705 0.00770603 0 
0 0.0112896 0.0109632 0.0107898 0.0104709 0.0106031 0.0109342 0.00945702 0.0102181 0.0107647 0.00845283 0.00951094 0.00891308 0.0082702 0.00841527 0.00874012 0.00592001 0.00897512 0.011804 0.00984753 0.012248 0.0111905 0.00951798 0.0118063 0.011694 0.0110667 0.0106105 0.0105816 0.0090489 0.00726059 0 
0 0.00991095 0.0104791 0.00983903 0.00991861 0.00918261 0.00918797 0.00799853 0.00874217 0.00859832 0.00973871 0.00738088 0.00668244 0.00566011 0.00568023 0.00920293 0.00775435 0.00820284 0.00908186 0.00960535 0.00844724 0.00842538 0.010142 0.00974487 0.0113355 0.011029 0.00998652 0.00847605 0.00881912 0.00749593 0 
0 0.00878981 0.010988 0.00931551 0.00915952 0.00974155 0.00961229 0.00916032 0.00808575 0.00795365 0.00897465 0.00841573 0.00850384 0.00802597 0.00728447 0.00796567 0.00662923 0.00703753 0.0074425 0.00828607 0.00765328 0.00916426 0.0108403 0.0106362 0.00833441 0.0104065 0.0100041 0.00917881 0.00814348 0.00678288 0 
0 0.00815508 0.00980039 0.0102309 0.00903371 0.00934661 0.00820682 0.0084447 0.00860237 0.00663751 0.00635881 0.00626879 0.00660873 0.00670568 0.00716722 0.00548148 0.00560564 0.00685909 0.00927949 0.00662682 0.00767245 0.00804039 0.00849268 0.00904351 0.00998238 0.00913622 0.00880665 0.0093704 0.00730041 0.00623238 0 
0 0.00807033 0.00829874 0.00928794 0.00780392 0.00940681 0.00835992 0.00824757 0.00759436 0.00840485 0.00796035 0.006572 0.00563997 0.00691304 0.00648113 0.0066695 0.00629717 0.00628272 0.00642023 0.00684764 0.00777528 0.00896118 0.00860091 0.00763836 0.00955987 0.00880505 0.0086988 0.0080803 0.00859785 0.00599194 0 
0 0.00777197 0.00876069 0.00884007 0.00892256 0.0087539 0.00763314 0.00644411 0.00586356 0.00698648 0.00589919 0.00725521 0.00457889 0.00468495 0.00633228 0.00465182 0.00532783 0.00567579 0.00532029 0.0058715 0.00721253 0.00870091 0.00620829 0.00776557 0.00709961 0.00813059 0.00740806 0.00752162 0.00655457 0.00557983 0 
0 0.00746224 0.0084195 0.0069421 0.00767091 0.00615725 0.00745699 0.00612262 0.00617168 0.00578634 0.00567075 0.00561485 0.00477631 0.00371049 0.00398334 0.00632489 0.00619207 0.00424652 0.00707323 0.00632733 0.00561641 0.00703208 0.00680549 0.00701743 0.00717948 0.00620181 0.00716041 0.00733974 0.00761228 0.00527224 0 
0 0.00711448 0.00736234 0.00748829 0.00648568 0.00715989 0.00631236 0.00599482 0.00504213 0.00533526 0.00540972 0.00493938 0.00384232 0.00412368 0.00560636 0.00323567 0.00596638 0.00474579 0.00538069 0.0058811 0.00550385 0.00618115 0.00569524 0.00602801 0.00627209 0.00667437 0.00654759 0.00656275 0.00624431 0.00460856 0 
0 0.00560534 0.00669791 0.00699352 0.00614393 0.00535179 0.00602133 0.00545325 0.00491541 0.00486965 0.00425032 0.00349556 0.00444732 0.00373159 0.00444826 0.00387049 0.00302301 0.00283463 0.00445415 0.00397445 0.00458453 0.00438883 0.0059874 0.00624389 0.00582218 0.00655482 0.00632174 0.00630453 0.00649818 0.00541729 0 
0 0.00580993 0.00689558 0.00585568 0.00620199 0.00577054 0.00457716 0.00497084 0.00458012 0.00414265 0.00327409 0.00392662 0.00347124 0.0030605 0.00384002 0.00397715 0.00356241 0.00443974 0.0041108 0.00385545 0.00524313 0.00501522 0.00474571 0.00542252 0.00649696 0.00510899 0.0059131 0.00623154 0.00614396 0.0049307 0 
0 0.00549308 0.00667566 0.00545769 0.00486682 0.00476565 0.00449902 0.00440915 0.00391107 0.00384468 0.00351793 0.00274151 0.00374429 0.00323783 0.00320988 0.00265464 0.00233065 0.00350092 0.00327134 0.00440959 0.00378332 0.00398951 0.00463565 0.00398181 0.00598779 0.00511416 0.00636831 0.00534784 0.00527855 0.00421231 0 
0 0.00694231 0.0050208 0.00545449 0.00550831 0.0051625 0.00428157 0.0035625 0.00364011 0.00288006 0.00288742 0.00272458 0.00356313 0.00241024 0.00223596 0.00235732 0.00248061 0.0027356 0.00294071 0.00306044 0.00341744 0.003368 0.00387593 0.00380572 0.00495331 0.00390052 0.00525898 0.00604685 0.00515715 0.00565552 0 
0 0.00437974 0.00498344 0.00484521 0.00449321 0.00474355 0.00329559 0.00395531 0.00306027 0.00249973 0.00277009 0.00202563 0.00261791 0.00214158 0.00267614 0.00257014 0.00190685 0.00186406 0.00196705 0.00246333 0.00379663 0.00279643 0.0033492 0.00373145 0.00440381 0.00386118 0.00468468 0.00511082 0.00455616 0.00352203 0 
0 0.006369 0.0051744 0.00531252 0.0046116 0.00313157 0.00229703 0.00296815 0.00258297 0.00260289 0.00252455 0.00241732 0.00130844 0.00184121 0.00178182 0.0021569 0.00229081 0.00200591 0.00277497 0.00223626 0.00262366 0.00294499 0.00358647 0.00325797 0.00285386 0.00490378 0.00518613 0.0055267 0.00480607 0.00400273 0 
0 0.00597008 0.00474927 0.00411016 0.00392745 0.00407427 0.00284242 0.00294705 0.00260123 0.00190753 0.00120656 0.00204831 0.00181772 0.00114641 0.0011909 0.00125075 0.00169729 0.00116922 0.00163079 0.00168902 0.00201829 0.00248185 0.00324027 0.00323955 0.003792 0.00391302 0.00424213 0.00441294 0.00455755 0.00385815 0 
0 0.00623857 0.00447325 0.00529843 0.00309328 0.00285513 0.00217833 0.00113331 0.000855902 0.00125765 0.00128531 0.000900805 0.00160254 0.000566711 0.000860107 0.000658725 0.00124344 0.0012247 0.00183678 0.0010865 0.001722 0.00271354 0.00263877 0.00233709 0.00371435 0.00360955 0.00401814 0.00419931 0.00530744 0.004414 0 
0 0.00586144 0.00537564 0.00406848 0.0023621 0.00155964 0.00177322 0.00173442 0.000650002 0.00140743 0.00105274 0.00141239 0.000463548 0.000516273 0.000406585 0.000630185 0.000635092 0.000623778 0.00162249 0.000699823 0.00169528 0.00128515 0.00239706 0.00104282 0.00332054 0.00326704 0.00376426 0.00402624 0.00524019 0.00525258 0 
0 0.00594173 0.00478114 0.00410486 0.00218863 0.00300609 0.000910811 0.00102596 0.00107214 0.000384117 0.000377777 0.000364785 0.000355191 0.000279239 0.00119968 0.000284145 0.000299639 0.00123725 0.00045071 0.000435326 0.000979262 0.00133978 0.00136502 0.00244929 0.00225287 0.00297178 0.00392458 0.00493688 0.00492323 0.00503541 0 
0 0.00637078 0.00427796 0.00287334 0.00206124 0.00115834 0.00146182 0.0004473 0.00024621 0.000246564 0.000243691 0.000253044 0.000193401 0.000158548 0.00014647 0.000194573 0.000207671 0.000224763 0.000281967 0.000277049 0.00127371 0.000465067 0.00182139 0.00186748 0.00164796 0.00237638 0.00382455 0.00365104 0.00506332 0.0053515 0 
0 0 0 0 0 0 0 0 0 0 0 0 0 0 0 0 0 0 0 0 0 0 0 0 0 0 0 0 0 0 0 
