100 4123.619552
200 4088.430336
300 4078.283759
400 4086.380804
500 4017.063110
600 4008.656963
700 3964.827272
800 3976.375987
900 3919.749252
1000 3913.282381
1100 3882.052188
1200 3918.013030
1300 3886.099902
1400 3855.538898
1500 3869.742765
1600 3855.852740
1700 3819.055245
1800 3806.737027
1900 3769.789007
2000 3716.655111
2100 3736.060647
2200 3700.999735
2300 3667.865544
2400 3674.544409
2500 3645.998808
2600 3627.289871
2700 3622.559038
2800 3587.524821
2900 3594.502552
3000 3577.415978
3100 3562.931163
3200 3546.099498
3300 3505.663453
3400 3508.929809
3500 3470.796184
3600 3450.136185
3700 3441.971326
3800 3437.737105
3900 3410.741337
4000 3397.206301
4100 3393.500328
4200 3373.373787
4300 3350.308512
4400 3350.485692
4500 3321.466028
4600 3307.826512
4700 3289.141364
4800 3269.642454
4900 3251.073942
5000 3236.520927
5100 3239.959230
5200 3221.331601
5300 3179.960740
5400 3198.268144
5500 3173.864092
5600 3136.534188
5700 3130.298961
5800 3128.432129
5900 3107.688350
6000 3068.089707
6100 3063.605153
6200 3031.016619
6300 3020.469447
6400 2986.705792
6500 2994.242944
6600 2992.710012
6700 2980.551045
6800 2945.556053
6900 2933.898472
7000 2909.056197
7100 2906.159116
7200 2894.266409
7300 2880.694533
7400 2847.066355
7500 2845.836972
7600 2816.141696
7700 2783.268296
7800 2769.768970
7900 2736.800191
8000 2703.864308
8100 2677.395571
8200 2667.759408
8300 2662.575310
8400 2655.796648
8500 2648.074529
8600 2583.772695
8700 2577.451476
8800 2559.819679
8900 2542.545016
9000 2538.841925
9100 2501.389652
9200 2459.572862
9300 2437.173870
9400 2433.722449
9500 2403.305767
9600 2368.140886
9700 2403.837208
9800 2325.479085
9900 2315.418140
10000 2337.225569
10100 2336.418986
10200 2337.775885
10300 2312.566817
10400 2266.391078
10500 2269.768567
10600 2256.254867
10700 2228.509677
10800 2168.273198
10900 2135.018041
11000 2171.078595
11100 2129.637677
11200 2130.258552
11300 2098.220259
11400 2035.921629
11500 1950.966203
11600 1999.470188
11700 1970.476784
11800 1955.887245
11900 1912.249383
12000 1926.252502
12100 1902.367666
12200 1887.035198
12300 1844.466402
12400 1722.364589
12500 1804.305144
12600 1765.665997
12700 1738.589458
12800 1678.497439
12900 1477.713089
13000 1518.293880
13100 1398.621482
13200 1364.982005
13300 1344.579870
13400 1153.163835
13500 1131.526769
13600 757.535453
13700 808.202917
13800 620.343816
13900 443.973438
14000 418.318743
14100 195.006670
14200 313.532361
14300 71.884660
14400 164.419938
14500 -23.002715
14600 37.750947
14700 -108.968530
14800 -159.340663
14900 -215.477665
15000 -32.773759
15100 -221.506932
15200 -121.282216
15300 -181.424784
15400 -271.543898
15500 -308.742260
15600 -295.553102
15700 -312.176851
15800 -321.315632
15900 -272.989778
16000 -300.252989
16100 -293.143822
16200 -295.968881
16300 -230.975236
16400 -324.742630
16500 -329.221700
16600 -303.688613
16700 -314.999450
16800 -308.485789
16900 -322.636260
17000 -315.357072
17100 -320.198975
17200 -340.230672
17300 -335.837626
17400 -276.000295
17500 -312.369059
17600 -306.993778
17700 -348.618352
17800 -251.323226
17900 -283.793521
18000 -304.727678
18100 -315.380086
18200 -302.314324
18300 -310.744308
18400 -325.857814
18500 -328.747708
18600 -329.788156
18700 -343.722548
18800 -344.609976
18900 -351.847032
19000 -322.926556
19100 -296.780294
19200 -325.835581
19300 -371.878990
19400 -355.586755
19500 -369.007609
19600 -372.616253
19700 -375.670960
19800 -375.157578
19900 -362.063537
20000 -375.412123
20100 -377.507685
20200 -375.841896
20300 -364.859718
20400 -372.847913
20500 -372.981832
20600 -363.126354
20700 -378.152244
20800 -361.930720
20900 -383.613700
21000 -369.807560
21100 -377.162814
21200 -382.629920
21300 -379.431873
21400 -380.770421
21500 -369.455432
21600 -376.784142
21700 -378.766820
21800 -386.246145
21900 -385.608052
22000 -379.247381
22100 -386.496784
22200 -369.145509
22300 -379.526804
22400 -384.134469
22500 -372.182431
22600 -379.515277
22700 -385.548113
22800 -385.646195
22900 -386.558856
23000 -385.670937
23100 -383.400871
23200 -387.894699
23300 -387.593968
23400 -387.222735
23500 -385.859380
23600 -385.808474
23700 -386.233365
23800 -384.880926
23900 -387.126082
24000 -385.729834
24100 -384.170185
24200 -386.400259
24300 -390.012404
24400 -389.571263
24500 -385.021818
24600 -390.149868
24700 -390.203141
24800 -390.485148
24900 -390.447709
25000 -390.391553
25100 -371.375798
25200 -392.607617
25300 -389.464911
25400 -390.020159
25500 -389.366412
25600 -392.580310
25700 -390.949979
25800 -389.303278
25900 -388.667427
26000 -390.844995
26100 -389.984634
26200 -389.190066
26300 -392.868405
26400 -390.291466
26500 -392.485796
26600 -391.392171
26700 -389.914169
26800 -390.931630
26900 -390.018155
27000 -391.859513
27100 -392.228925
27200 -394.782842
27300 -392.788903
27400 -393.368750
27500 -391.849563
27600 -393.986054
27700 -394.770209
27800 -393.666032
27900 -391.541971
28000 -393.282672
28100 -391.555148
28200 -394.566285
28300 -372.170652
28400 -386.684904
28500 -390.925477
28600 -393.714173
28700 -390.619067
28800 -379.913294
28900 -381.636031
29000 -392.528176
29100 -393.748616
29200 -385.159599
29300 -379.700266
29400 -394.157860
29500 -395.450919
29600 -396.471508
29700 -384.040999
29800 -397.942916
29900 -396.442111
30000 -396.864211
30100 -395.575688
30200 -398.801672
30300 -399.069719
30400 -394.975372
30500 -394.269837
30600 -397.176692
30700 -381.195951
30800 -395.892733
30900 -397.399879
31000 -396.691604
31100 -387.619499
31200 -393.821860
31300 -399.179893
31400 -399.799153
31500 -397.915080
31600 -398.121042
31700 -398.155457
31800 -398.718572
31900 -400.358165
32000 -400.715142
32100 -398.433656
32200 -398.062267
32300 -400.510509
32400 -399.632056
32500 -399.379028
32600 -400.222612
32700 -400.515746
32800 -401.155841
32900 -399.345010
33000 -401.037719
33100 -400.557311
33200 -402.778500
33300 -400.850267
33400 -401.714522
33500 -386.204249
33600 -402.592439
33700 -400.686412
33800 -396.872233
33900 -396.448139
34000 -398.428867
34100 -401.053360
34200 -402.425590
34300 -400.894338
34400 -402.671353
34500 -399.411060
34600 -402.890478
34700 -401.731269
34800 -402.688877
34900 -401.303608
35000 -402.530698
35100 -403.328719
35200 -401.797767
35300 -401.709818
35400 -401.204374
35500 -400.073750
35600 -403.084552
35700 -403.343459
35800 -403.287709
35900 -402.791123
36000 -403.197573
36100 -400.107681
36200 -404.414511
36300 -404.684383
36400 -403.242529
36500 -406.398955
36600 -405.471865
36700 -402.502577
36800 -404.268809
36900 -404.349394
37000 -404.083751
37100 -404.317760
37200 -403.729865
37300 -403.565817
37400 -405.258076
37500 -404.988665
37600 -405.055622
37700 -402.968282
37800 -405.546026
37900 -404.331397
38000 -404.390633
38100 -405.207167
38200 -405.024630
38300 -405.816473
38400 -404.117114
38500 -405.026196
38600 -404.787462
38700 -403.725446
38800 -405.128608
38900 -405.759975
39000 -405.219661
39100 -404.862359
39200 -403.665627
39300 -394.019948
39400 -406.244016
39500 -405.292722
39600 -405.974860
39700 -406.255019
39800 -404.589281
39900 -405.307338
40000 -406.465300
40100 -406.019578
40200 -406.092680
40300 -404.767139
40400 -408.454969
40500 -405.734069
40600 -406.297575
40700 -405.365228
40800 -407.453170
40900 -406.095938
41000 -406.383134
41100 -405.898610
41200 -406.082879
41300 -407.096479
41400 -406.887029
41500 -406.803042
41600 -406.837413
41700 -404.835799
41800 -406.811440
41900 -404.070768
42000 -406.255944
42100 -406.491919
42200 -405.262225
42300 -407.617517
42400 -408.153123
42500 -406.586184
42600 -408.290433
42700 -407.049477
42800 -406.837398
42900 -406.165596
43000 -407.275611
43100 -406.541687
43200 -407.963578
43300 -406.688275
43400 -407.225518
43500 -406.776156
43600 -406.671883
43700 -407.283986
43800 -405.496645
43900 -407.060848
44000 -407.348658
44100 -406.365733
44200 -406.384297
44300 -407.337893
44400 -406.793502
44500 -408.032538
44600 -407.908796
44700 -408.081150
44800 -407.743144
44900 -408.650851
45000 -407.842108
45100 -407.721496
45200 -407.739937
45300 -407.682933
45400 -408.916178
45500 -406.976241
45600 -407.686249
45700 -408.881990
45800 -408.438443
45900 -407.751269
46000 -408.181005
46100 -408.219447
46200 -408.735546
46300 -408.893168
46400 -408.122077
46500 -407.291326
46600 -407.594085
46700 -408.020318
46800 -408.367701
46900 -409.019061
47000 -408.729684
47100 -407.621376
47200 -408.871955
47300 -408.362202
47400 -408.201540
47500 -409.012187
47600 -408.312936
47700 -407.795488
47800 -408.275442
47900 -409.346926
48000 -407.749135
48100 -408.895540
48200 -407.876600
48300 -408.845386
48400 -408.038495
48500 -407.929318
48600 -408.368593
48700 -408.338202
48800 -409.165182
48900 -408.976876
49000 -409.611672
49100 -407.348998
49200 -408.775149
49300 -409.709396
49400 -409.439643
49500 -408.009049
49600 -408.035623
49700 -408.187280
49800 -408.386958
49900 -407.694881
50000 -409.066714
50100 -407.988364
50200 -408.446868
50300 -409.510569
50400 -408.713856
50500 -408.528753
50600 -407.758804
50700 -409.051511
50800 -409.860164
50900 -409.466055
51000 -407.796548
51100 -409.537200
51200 -409.184537
51300 -409.148492
51400 -408.480095
51500 -409.809232
51600 -408.962551
51700 -408.907667
51800 -408.595041
51900 -408.945416
52000 -410.046199
52100 -409.035819
52200 -407.311057
52300 -409.232332
52400 -410.241983
52500 -409.902508
52600 -408.853355
52700 -409.679901
52800 -408.754030
52900 -409.511491
53000 -409.343772
53100 -409.825708
53200 -409.815288
53300 -408.823099
53400 -409.079719
53500 -409.452931
53600 -408.594745
53700 -409.822892
53800 -410.166594
53900 -409.746987
54000 -408.824136
54100 -409.445081
54200 -409.455803
54300 -410.005325
54400 -408.817697
54500 -409.846709
54600 -409.456166
54700 -410.685498
54800 -409.899962
54900 -409.607579
55000 -409.276205
55100 -408.917114
55200 -409.322129
55300 -410.384712
55400 -410.087623
55500 -410.733744
55600 -409.675191
55700 -409.677298
55800 -409.796308
55900 -409.118500
56000 -409.242584
56100 -409.675317
56200 -409.787953
56300 -409.282825
56400 -409.832225
56500 -410.382116
56600 -409.857726
56700 -409.600081
56800 -409.765977
56900 -410.273775
57000 -410.454174
57100 -410.903484
57200 -408.771377
57300 -409.426343
57400 -410.108204
57500 -409.215139
57600 -409.763353
57700 -410.008748
57800 -410.196361
57900 -410.318795
58000 -410.093132
58100 -410.131394
58200 -409.220648
58300 -410.915893
58400 -410.227352
58500 -410.553719
58600 -409.768335
58700 -409.623364
58800 -408.933993
58900 -410.901099
59000 -409.504160
59100 -410.025845
59200 -410.092858
59300 -409.799925
59400 -410.310025
59500 -409.547087
59600 -409.041133
59700 -408.905830
59800 -409.823080
59900 -410.265790
60000 -409.530325
60100 -410.126384
60200 -390.193523
60300 -407.751156
60400 -408.415904
60500 -407.776332
60600 -407.642859
60700 -408.308285
60800 -408.066200
60900 -408.620156
61000 -408.280979
61100 -407.601520
61200 -407.944861
61300 -408.344878
61400 -408.073098
61500 -408.476989
61600 -407.677303
61700 -408.552272
61800 -408.967922
61900 -408.659262
62000 -408.060777
62100 -408.416867
62200 -408.473701
62300 -408.162716
62400 -408.422071
62500 -407.900427
62600 -408.042955
62700 -408.355745
62800 -408.698367
62900 -407.622118
63000 -408.584040
63100 -408.433482
63200 -408.161904
63300 -408.413448
63400 -408.198509
63500 -407.426959
63600 -408.743932
63700 -408.974242
63800 -408.422395
63900 -408.513892
64000 -407.815590
64100 -407.739772
64200 -408.144445
64300 -409.331460
64400 -408.284353
64500 -408.559982
64600 -408.450383
64700 -408.621554
64800 -408.747194
64900 -409.027547
65000 -409.112185
65100 -408.674840
65200 -409.165969
65300 -408.773164
65400 -408.345689
65500 -408.925495
65600 -409.157490
65700 -408.326301
65800 -408.928387
65900 -408.664955
66000 -408.827812
66100 -408.646250
66200 -409.095731
66300 -408.874965
66400 -408.011055
66500 -408.972036
66600 -408.600105
66700 -408.789030
66800 -408.504954
66900 -409.328788
67000 -409.164739
67100 -408.836639
67200 -409.252631
67300 -408.993170
67400 -408.895948
67500 -408.973886
67600 -408.703691
67700 -408.916090
67800 -409.253794
67900 -408.660232
68000 -408.799247
68100 -408.766603
68200 -409.608601
68300 -409.089297
68400 -409.262165
68500 -408.708873
68600 -409.025732
68700 -409.017714
68800 -408.598377
68900 -409.475505
69000 -408.737480
69100 -408.643795
69200 -408.633901
69300 -408.542471
69400 -408.540668
69500 -408.524970
69600 -408.506569
69700 -407.923822
69800 -409.403371
69900 -408.540424
70000 -409.068907
70100 -409.488316
70200 -408.103243
70300 -408.974289
70400 -409.264340
70500 -409.294292
70600 -409.243375
70700 -409.096734
70800 -408.977196
70900 -409.093696
71000 -409.477458
71100 -408.832288
71200 -409.099032
71300 -409.408126
71400 -409.643271
71500 -408.934638
71600 -408.745775
71700 -408.832711
71800 -409.299470
71900 -409.370509
72000 -409.119093
72100 -409.581184
72200 -409.539267
72300 -408.894080
72400 -409.740666
72500 -408.934240
72600 -408.837789
72700 -409.083275
72800 -409.498680
72900 -408.978631
73000 -409.893052
73100 -409.152952
73200 -409.010097
73300 -408.923832
73400 -409.243451
73500 -408.931132
73600 -409.576523
73700 -409.400259
73800 -409.431747
73900 -409.105890
74000 -409.066862
74100 -409.137466
74200 -409.331817
74300 -408.946144
74400 -409.802865
74500 -408.188624
74600 -409.031544
74700 -409.413558
74800 -409.242431
74900 -409.534886
75000 -409.483671
75100 -409.142622
75200 -409.042907
75300 -408.865209
75400 -409.581085
75500 -409.457559
75600 -409.690796
75700 -409.605402
75800 -409.674349
75900 -409.866358
76000 -409.271364
76100 -409.147196
76200 -409.158601
76300 -409.110969
76400 -409.651139
76500 -409.571798
76600 -409.093379
76700 -408.817134
76800 -409.769052
76900 -409.161189
77000 -408.766564
77100 -409.244308
77200 -409.316978
77300 -409.622965
77400 -408.959058
77500 -409.792043
77600 -409.051735
77700 -408.712726
77800 -409.481538
77900 -409.977651
78000 -409.701960
78100 -409.501772
78200 -409.627076
78300 -409.742418
78400 -409.048470
78500 -409.336039
78600 -409.507564
78700 -409.429760
78800 -409.434940
78900 -409.475816
79000 -409.578870
79100 -409.837058
79200 -408.935414
79300 -409.728735
79400 -409.830178
79500 -409.447951
79600 -409.119509
79700 -409.769059
79800 -409.700079
79900 -409.999869
80000 -409.647832
80100 -409.728967
80200 -409.356920
80300 -409.540561
80400 -408.806214
80500 -409.051431
80600 -409.147169
80700 -409.269705
80800 -408.658852
80900 -409.484328
81000 -409.342332
81100 -409.751485
81200 -409.932534
81300 -409.496042
81400 -409.313229
81500 -409.425459
81600 -409.452562
81700 -409.002530
81800 -409.574558
81900 -409.620736
82000 -409.888023
82100 -409.555207
82200 -409.588215
82300 -409.449237
82400 -409.256299
82500 -409.677819
82600 -409.411193
82700 -410.259216
82800 -409.708810
82900 -409.744007
83000 -409.433365
83100 -409.339226
83200 -409.559617
83300 -409.603458
83400 -410.106464
83500 -409.706367
83600 -409.165393
83700 -409.353569
83800 -409.614661
83900 -409.265800
84000 -409.294521
84100 -410.004960
84200 -409.289503
84300 -409.673603
84400 -409.584823
84500 -409.802147
84600 -409.870529
84700 -410.065142
84800 -410.075270
84900 -409.854319
85000 -409.619811
85100 -410.004536
85200 -409.539864
85300 -409.401818
85400 -409.773534
85500 -409.764951
85600 -409.827923
85700 -409.667502
85800 -410.149864
85900 -409.632571
86000 -409.626926
86100 -409.573006
86200 -409.862221
86300 -410.164283
86400 -409.438646
86500 -409.509047
86600 -409.641057
86700 -409.770850
86800 -409.733472
86900 -410.195620
87000 -409.607144
87100 -409.688936
87200 -410.002420
87300 -410.039141
87400 -410.096063
87500 -410.401511
87600 -409.838558
87700 -409.858465
87800 -409.802108
87900 -409.854581
88000 -409.999279
88100 -410.218789
88200 -410.091960
88300 -410.125574
88400 -410.034984
88500 -409.641624
88600 -409.845523
88700 -409.819375
88800 -410.129382
88900 -409.807243
89000 -409.883844
89100 -409.649673
89200 -409.356187
89300 -409.761723
89400 -410.049960
89500 -410.073197
89600 -409.796378
89700 -410.140072
89800 -409.995016
89900 -410.357859
90000 -409.978107
90100 -409.987862
90200 -409.554772
90300 -410.127357
90400 -409.866231
90500 -409.920555
90600 -410.430880
90700 -410.562002
90800 -410.298694
90900 -410.367023
91000 -410.426587
91100 -409.696877
91200 -410.182801
91300 -409.727406
91400 -410.140660
91500 -410.673955
91600 -410.165991
91700 -410.123009
91800 -410.476842
91900 -410.002109
92000 -409.858765
92100 -409.843332
92200 -410.315121
92300 -409.833327
92400 -410.072278
92500 -409.802562
92600 -409.981218
92700 -410.354289
92800 -410.534966
92900 -410.376940
93000 -410.187857
93100 -410.449564
93200 -410.068434
93300 -410.590715
93400 -409.515276
93500 -409.995062
93600 -409.669130
93700 -409.976381
93800 -410.212356
93900 -409.698180
94000 -409.635908
94100 -410.085448
94200 -409.708929
94300 -410.310532
94400 -410.133698
94500 -410.096391
94600 -410.256326
94700 -410.367406
94800 -410.193023
94900 -410.380804
95000 -409.996236
95100 -410.147716
95200 -410.389254
95300 -410.427196
95400 -410.362160
95500 -409.996331
95600 -410.364969
95700 -410.528562
95800 -410.493699
95900 -410.249358
96000 -410.032878
96100 -409.570324
96200 -410.203348
96300 -409.758558
96400 -409.898402
96500 -409.866017
96600 -410.024579
96700 -409.829169
96800 -409.949476
96900 -410.366850
97000 -409.789195
97100 -410.172818
97200 -410.093013
97300 -409.925114
97400 -410.058510
97500 -410.202878
97600 -409.885936
97700 -410.114102
97800 -410.163540
97900 -410.394366
98000 -410.268911
98100 -410.051715
98200 -410.181511
98300 -410.150281
98400 -410.144529
98500 -410.264461
98600 -409.866144
98700 -409.794578
98800 -410.062508
98900 -410.388519
99000 -410.056190
99100 -409.936873
99200 -410.384297
99300 -409.853522
99400 -410.283256
99500 -410.128770
99600 -410.299742
99700 -410.376538
99800 -410.290539
99900 -410.046673
100000 -410.535563
