   1.00000E-02   1.69790E+06   1.54070E+10   9.04721E+03   2.04879E+00  -2.59120E+06   7.56867E+01
   3.00000E-02   1.67390E+06   1.56446E+10   9.32590E+03   1.09771E+00   4.81059E+05   7.45576E+01
   5.00000E-02   1.63630E+06   1.54783E+10   9.45116E+03   2.56652E+00  -3.75094E+06   7.27876E+01
   7.00000E-02   1.63090E+06   1.61407E+10   9.89562E+03   6.91486E-01  -3.06159E+05   7.24930E+01
   9.00000E-02   1.61520E+06   1.58355E+10   9.80705E+03   8.76037E-01  -8.38262E+05   7.17646E+01
   1.10000E-01   1.58620E+06   1.56717E+10   9.86727E+03   9.40994E-01   1.58226E+06   7.05891E+01
   1.30000E-01   1.60300E+06   1.59142E+10   9.90414E+03   3.58349E-01  -7.05701E+05   7.14141E+01
   1.50000E-01   1.59300E+06   1.58892E+10   9.96703E+03   1.32572E+00  -2.16887E+06   7.08521E+01
   1.70000E-01   1.59650E+06   1.55390E+10   9.73249E+03   1.18014E+00   1.63003E+06   7.09605E+01
   1.90000E-01   1.58390E+06   1.55134E+10   9.78512E+03   1.01452E+00   9.83538E+05   7.04624E+01
   2.10000E-01   1.57990E+06   1.55469E+10   9.81605E+03   1.24968E+00   1.98835E+06   7.03922E+01
   2.30000E-01   1.56050E+06   1.53360E+10   9.83158E+03   3.03778E+00   4.49257E+06   6.93274E+01
   2.50000E-01   1.53540E+06   1.49900E+10   9.77121E+03   4.20281E+00   6.03856E+06   6.81821E+01
   2.70000E-01   1.53720E+06   1.46964E+10   9.57278E+03   4.46336E+00   6.96297E+06   6.82325E+01
   2.90000E-01   1.52070E+06   1.44431E+10   9.49121E+03   5.69860E+00   8.63457E+06   6.76329E+01
   3.10000E-01   1.48630E+06   1.37734E+10   9.30970E+03   7.23370E+00   1.04860E+07   6.57540E+01
   3.30000E-01   1.48600E+06   1.35235E+10   9.14328E+03   9.02610E+00   1.34758E+07   6.57360E+01
   3.50000E-01   1.45520E+06   1.33659E+10   9.23853E+03   1.13920E+01   1.65659E+07   6.43003E+01
   3.70000E-01   1.43790E+06   1.28713E+10   9.04387E+03   1.29764E+01   1.83230E+07   6.32538E+01
   3.90000E-01   1.40100E+06   1.20565E+10   8.75320E+03   1.68089E+01   2.34436E+07   6.12171E+01
   4.10000E-01   1.37930E+06   1.20203E+10   8.90402E+03   1.83622E+01   2.53383E+07   5.99996E+01
   4.30000E-01   1.36250E+06   1.14144E+10   8.63417E+03   2.13738E+01   2.90074E+07   5.87556E+01
   4.50000E-01   1.36650E+06   1.14851E+10   8.64287E+03   2.27223E+01   3.08365E+07   5.90602E+01
   4.70000E-01   1.29080E+06   1.04623E+10   8.42532E+03   2.46750E+01   3.17734E+07   5.51899E+01
   4.90000E-01   1.30110E+06   1.05474E+10   8.50639E+03   2.75888E+01   3.58886E+07   5.51086E+01
   5.10000E-01   1.26810E+06   9.91095E+09   8.31287E+03   3.05675E+01   3.84781E+07   5.29885E+01
   5.30000E-01   1.23650E+06   9.48582E+09   8.22038E+03   3.21685E+01   3.97846E+07   5.12862E+01
   5.50000E-01   1.21690E+06   9.24961E+09   8.23211E+03   3.49022E+01   4.24454E+07   4.99378E+01
   5.70000E-01   1.19370E+06   8.86712E+09   8.12252E+03   3.72883E+01   4.42177E+07   4.85187E+01
   5.90000E-01   1.15380E+06   8.38885E+09   8.17235E+03   4.17220E+01   4.78603E+07   4.56219E+01
   6.10000E-01   1.13960E+06   8.03831E+09   8.01116E+03   4.28076E+01   4.86926E+07   4.45950E+01
   6.30000E-01   1.13250E+06   7.89006E+09   8.04749E+03   4.57250E+01   5.18464E+07   4.35750E+01
   6.50000E-01   1.10420E+06   7.59246E+09   7.95870E+03   4.58273E+01   5.06395E+07   4.23992E+01
   6.70000E-01   1.06880E+06   7.13987E+09   7.99843E+03   5.02667E+01   5.34022E+07   3.96737E+01
   6.90000E-01   1.05750E+06   6.91015E+09   7.96580E+03   5.27330E+01   5.58819E+07   3.85546E+01
   7.10000E-01   1.00900E+06   6.43075E+09   7.88408E+03   5.46277E+01   5.51635E+07   3.62517E+01
   7.30000E-01   9.78800E+05   6.09420E+09   7.86966E+03   5.69107E+01   5.54126E+07   3.44174E+01
   7.50000E-01   9.71700E+05   5.80885E+09   7.98182E+03   6.23701E+01   6.06920E+07   3.23449E+01
   7.70000E-01   9.72700E+05   5.81162E+09   8.04014E+03   6.36801E+01   6.18799E+07   3.21256E+01
   7.90000E-01   9.39900E+05   5.48326E+09   8.04467E+03   6.55288E+01   6.16074E+07   3.02934E+01
   8.10000E-01   9.21200E+05   5.28511E+09   8.21188E+03   6.92560E+01   6.37984E+07   2.86041E+01
   8.30000E-01   8.97400E+05   4.97460E+09   8.25244E+03   7.28055E+01   6.52849E+07   2.67913E+01
   8.50000E-01   8.73900E+05   4.84785E+09   8.40513E+03   7.47612E+01   6.53797E+07   2.56344E+01
   8.70000E-01   8.51900E+05   4.62129E+09   8.45613E+03   7.73273E+01   6.57902E+07   2.42889E+01
   8.90000E-01   8.51700E+05   4.38284E+09   8.35151E+03   7.89996E+01   6.72941E+07   2.33243E+01
   9.10000E-01   8.20400E+05   4.23637E+09   8.39515E+03   7.96564E+01   6.55224E+07   2.24276E+01
   9.30000E-01   8.05700E+05   4.00604E+09   8.46665E+03   8.28502E+01   6.67281E+07   2.10291E+01
   9.50000E-01   7.78100E+05   3.85123E+09   8.84343E+03   8.75102E+01   6.79373E+07   1.93551E+01
   9.70000E-01   7.60900E+05   3.66373E+09   8.74533E+03   8.76330E+01   6.66781E+07   1.86194E+01
   9.90000E-01   7.34000E+05   3.40525E+09   8.78915E+03   9.00550E+01   6.59108E+07   1.72194E+01
   1.01000E+00   7.23700E+05   3.29904E+09   8.75504E+03   9.09433E+01   6.57745E+07   1.67474E+01
   1.03000E+00   7.24300E+05   3.29618E+09   9.06102E+03   9.38305E+01   6.79629E+07   1.61678E+01
   1.05000E+00   7.11400E+05   3.17068E+09   9.09190E+03   9.52914E+01   6.76963E+07   1.54994E+01
   1.07000E+00   7.03600E+05   3.09497E+09   9.02287E+03   9.53637E+01   6.71437E+07   1.52451E+01
   1.09000E+00   6.86300E+05   3.02658E+09   9.32070E+03   9.81056E+01   6.72574E+07   1.44318E+01
   1.11000E+00   6.88900E+05   3.04225E+09   9.24189E+03   9.75146E+01   6.70684E+07   1.46302E+01
   1.13000E+00   6.72300E+05   2.86066E+09   9.26680E+03   9.90930E+01   6.66731E+07   1.37200E+01
   1.15000E+00   6.74600E+05   2.89902E+09   9.27266E+03   9.85377E+01   6.63132E+07   1.38952E+01
   1.17000E+00   6.78700E+05   2.94227E+09   9.19909E+03   9.77199E+01   6.64238E+07   1.42153E+01
   1.19000E+00   6.79100E+05   2.91349E+09   9.28041E+03   9.91814E+01   6.71491E+07   1.39529E+01
   1.21000E+00   6.78500E+05   2.92256E+09   9.37971E+03   9.95777E+01   6.76386E+07   1.38481E+01
   1.23000E+00   6.86200E+05   2.97440E+09   9.38198E+03   9.96233E+01   6.83293E+07   1.40903E+01
   1.25000E+00   6.75500E+05   2.91295E+09   9.43336E+03   1.00195E+02   6.76797E+07   1.37241E+01
   1.27000E+00   6.62300E+05   2.87381E+09   9.28916E+03   9.87427E+01   6.55732E+07   1.37499E+01
   1.29000E+00   6.83800E+05   2.96618E+09   9.28404E+03   9.85188E+01   6.73466E+07   1.41996E+01
   1.31000E+00   6.82200E+05   2.99887E+09   9.34389E+03   9.83976E+01   6.69456E+07   1.42642E+01
   1.33000E+00   6.63400E+05   2.93304E+09   9.21190E+03   9.70918E+01   6.43617E+07   1.41510E+01
   1.35000E+00   6.70900E+05   2.97622E+09   9.28613E+03   9.77451E+01   6.54711E+07   1.42445E+01
   1.37000E+00   6.59800E+05   2.91426E+09   9.29663E+03   9.77860E+01   6.44440E+07   1.39322E+01
   1.39000E+00   6.69200E+05   3.05165E+09   9.34505E+03   9.72035E+01   6.50773E+07   1.45135E+01
   1.41000E+00   6.53900E+05   2.87374E+09   9.40719E+03   9.91349E+01   6.47247E+07   1.35770E+01
   1.43000E+00   6.48000E+05   3.00173E+09   9.70112E+03   9.96047E+01   6.44273E+07   1.37521E+01
   1.45000E+00   6.41200E+05   3.02224E+09   9.63943E+03   9.82386E+01   6.27877E+07   1.39346E+01
   1.47000E+00   6.28400E+05   2.97617E+09   9.75472E+03   9.93325E+01   6.23427E+07   1.35600E+01
   1.49000E+00   6.01900E+05   2.92476E+09   9.93609E+03   9.96346E+01   6.00775E+07   1.30826E+01
   1.51000E+00   6.00900E+05   2.94902E+09   9.96614E+03   9.90266E+01   5.95404E+07   1.31513E+01
   1.53000E+00   5.76700E+05   2.91487E+09   1.00276E+04   9.80514E+01   5.64172E+07   1.29193E+01
   1.55000E+00   5.61100E+05   2.88573E+09   1.00063E+04   9.72271E+01   5.45387E+07   1.28175E+01
   1.57000E+00   5.56900E+05   2.88257E+09   1.01658E+04   9.84079E+01   5.49633E+07   1.26025E+01
   1.59000E+00   5.75800E+05   3.00092E+09   1.02666E+04   9.92317E+01   5.70162E+07   1.29910E+01
   1.61000E+00   5.44600E+05   2.87554E+09   1.03106E+04   9.88523E+01   5.39518E+07   1.23952E+01
   1.63000E+00   5.65900E+05   2.96913E+09   1.01687E+04   9.74665E+01   5.53735E+07   1.29772E+01
   1.65000E+00   5.64600E+05   2.95770E+09   1.02385E+04   9.87339E+01   5.56980E+07   1.28392E+01
   1.67000E+00   5.54400E+05   2.95967E+09   1.03414E+04   9.85986E+01   5.46972E+07   1.27198E+01
   1.69000E+00   5.45900E+05   2.92444E+09   1.04548E+04   9.97179E+01   5.42908E+07   1.24321E+01
   1.71000E+00   5.64200E+05   2.98077E+09   1.02350E+04   9.77488E+01   5.52543E+07   1.29437E+01
   1.73000E+00   5.66900E+05   2.99623E+09   1.02378E+04   9.84716E+01   5.57693E+07   1.30073E+01
   1.75000E+00   5.60100E+05   2.90801E+09   9.99815E+03   9.63507E+01   5.39584E+07   1.29269E+01
   1.77000E+00   5.35500E+05   2.77873E+09   9.98894E+03   9.61427E+01   5.14753E+07   1.23636E+01
   1.79000E+00   4.56900E+05   2.35447E+09   9.03908E+03   8.54502E+01   3.90214E+07   1.15767E+01
   1.81000E+00   3.19800E+05   1.36542E+09   5.93986E+03   5.24464E+01   1.71191E+07   1.02166E+01
   1.83000E+00   2.28100E+05   3.51942E+08   1.70377E+03   1.38378E+01   3.44160E+06   9.18077E+00
   1.85000E+00   2.12900E+05   1.07755E+08   5.78666E+02   2.65430E+00   5.15699E+05   8.27616E+00
   1.87000E+00   2.00400E+05   6.48302E+07   3.45660E+02   9.75086E-01   1.47545E+05   8.33578E+00
   1.89000E+00   2.02700E+05   5.68639E+07   3.20525E+02   7.46233E-01   4.89677E+04   7.88482E+00
   1.91000E+00   2.02400E+05   5.15856E+07   2.91416E+02   6.17194E-01  -7.05023E+04   7.86742E+00
   1.93000E+00   1.97500E+05   5.26353E+07   2.97293E+02   4.05579E-01   6.88234E+04   7.86882E+00
   1.95000E+00   2.05200E+05   5.47424E+07   3.03871E+02   3.63611E-01   1.39124E+05   8.00668E+00
   1.97000E+00   2.00200E+05   5.42209E+07   3.01922E+02   5.04547E-01   1.35783E+04   7.98160E+00
   1.99000E+00   1.96300E+05   5.05695E+07   2.93476E+02   4.30869E-01  -8.73199E+04   7.65832E+00
