1,0.130043,120,81,1
1,0.185956,119,80,2
1,0.611639,118,79,3
1,0.634598,118,80,3
1,0.637325,117,79,4
1,0.646271,116,78,5
1,0.781619,115,77,6
1,0.849156,114,76,7
1,0.931222,113,75,8
1,0.947559,112,74,9
1,1.02945,111,73,10
1,1.05964,112,73,10
1,1.30335,111,72,11
1,1.31979,110,71,12
1,1.42278,109,70,13
1,1.66461,108,69,14
1,1.83865,107,68,15
1,1.84826,106,67,16
1,1.9746,106,68,16
1,2.08928,106,69,16
1,2.22659,106,70,16
1,2.41006,105,69,17
1,2.69967,104,68,18
1,2.70367,103,67,19
1,2.79238,102,66,20
1,2.98482,101,65,21
1,3.07036,100,64,22
1,3.23183,99,63,23
1,3.38326,98,62,24
1,3.40676,97,61,25
1,3.46335,96,60,26
1,4.07848,95,59,27
1,4.23588,94,58,28
1,4.25547,93,57,29
1,4.30105,93,58,29
1,4.31175,92,57,30
1,4.62583,91,56,31
1,4.97256,90,55,32
1,5.10427,89,54,33
1,5.19723,88,53,34
1,5.47721,88,53,33
1,5.8483,89,53,33
1,5.86094,88,52,34
1,5.90151,88,53,34
1,6.22783,87,52,35
1,6.28438,86,51,36
1,6.31303,85,50,37
1,6.50999,84,49,38
1,6.53134,85,49,38
1,6.53587,84,48,39
1,6.77116,85,48,39
1,7.01638,85,49,39
1,7.26742,85,50,39
1,7.27407,84,49,40
1,7.32053,84,50,40
1,7.37901,83,49,41
1,7.39166,82,48,42
1,7.41828,82,49,42
1,7.76771,83,49,42
1,7.7833,84,49,42
1,7.80066,83,48,43
1,7.80756,82,47,44
1,7.983,81,46,45
1,8.00232,80,45,46
1,8.14034,79,44,47
1,8.36236,78,43,48
1,8.47188,77,42,49
1,8.51216,76,41,50
1,8.64039,75,40,51
1,8.74593,75,41,51
1,8.93535,76,41,51
1,8.95187,75,40,52
1,9.13273,75,41,52
1,9.41061,75,42,52
1,9.93846,74,41,53
1,10.1885,73,40,54
1,10.5423,72,39,55
1,10.6351,71,38,56
1,10.9442,70,37,57
1,10.997,69,36,58
1,11.0862,68,35,59
1,11.4375,68,36,59
1,11.445,67,35,60
1,11.7729,66,34,61
1,12.4015,65,33,62
1,13.0989,66,33,62
1,13.6193,65,32,63
1,13.739,64,31,64
1,14.0675,65,31,64
1,14.3229,66,31,64
1,14.5125,67,31,64
1,14.805,66,30,65
1,14.9509,66,31,65
1,14.9535,66,31,64
1,15.4029,66,32,64
1,15.4759,65,31,65
1,15.7378,65,32,65
1,15.874,64,31,66
1,16.0159,65,31,66
1,16.056,64,30,67
1,16.5498,63,29,68
1,16.562,62,28,69
1,16.7307,62,29,69
1,16.7496,61,28,70
1,16.978,61,28,69
1,17.0726,62,28,69
1,17.2259,63,28,69
1,17.5119,62,27,70
1,17.5654,62,28,70
1,17.5999,61,27,71
1,17.7762,61,28,71
1,17.9609,60,27,72
1,18.1845,59,26,73
1,18.3215,58,25,74
1,18.364,59,25,74
1,19.4637,60,25,74
1,20.2192,61,25,74
1,20.5387,61,26,74
1,20.6187,61,27,74
1,21.0785,60,26,75
1,21.1143,59,25,76
1,21.4737,59,25,75
1,21.7484,60,25,75
1,21.8659,61,25,75
1,21.8765,60,24,76
1,22.1026,61,24,76
1,22.4434,61,24,75
1,22.5676,62,24,75
1,23.5355,61,23,76
1,23.5564,60,22,77
1,23.9217,60,23,77
1,23.9301,61,23,77
1,24.1499,60,22,78
1,24.4164,60,23,78
1,24.5292,60,24,78
1,24.8226,59,23,79
1,24.8484,59,24,79
1,25.1133,58,23,80
1,25.3009,57,22,81
1,25.5187,57,22,80
1,26.0397,56,21,81
1,26.5178,57,21,81
1,27.0651,58,21,81
1,27.1574,58,21,80
1,27.3346,58,22,80
1,27.439,58,23,80
1,27.547,59,23,80
1,27.5916,59,24,80
1,27.6225,58,23,81
1,27.6318,58,24,81
1,27.7081,57,23,82
1,27.9461,57,23,81
1,27.9848,58,23,81
1,28.0563,58,24,81
1,28.4003,58,24,80
1,28.4584,58,25,80
1,28.5935,59,25,80
1,29.0814,58,24,81
1,29.2914,58,25,81
1,29.706,57,24,82
1,30.0455,57,25,82
1,30.3968,56,24,83
1,30.4828,55,23,84
1,30.5903,56,23,84
1,30.8592,56,23,83
1,31.1354,56,24,83
1,31.57,56,25,83
1,31.874,56,25,82
1,32.2159,56,26,82
1,32.3259,55,25,83
1,32.4543,55,26,83
1,32.534,55,27,83
1,32.612,56,27,83
1,32.694,55,26,84
1,33.1784,54,25,85
1,33.4082,53,24,86
1,33.4436,52,23,87
1,33.6164,53,23,87
1,33.7137,52,22,88
1,33.9749,51,21,89
1,34.0428,52,21,89
1,35.8892,51,20,90
1,35.9633,51,21,90
1,36.0214,51,21,89
1,36.103,51,22,89
1,36.2572,51,23,89
1,36.8196,51,24,89
1,37.3874,50,23,90
1,37.837,49,22,91
1,37.9372,48,21,92
1,37.9673,47,20,93
1,38.1128,47,21,93
1,38.673,47,22,93
1,38.7512,47,22,92
1,38.9327,48,22,92
1,38.9884,47,21,93
1,39.2575,47,22,93
1,39.2579,47,23,93
1,39.2712,48,23,93
1,39.3856,47,22,94
1,39.8706,47,22,93
1,40.0676,46,21,94
1,40.8416,45,20,95
1,40.919,46,20,95
1,41.03,47,20,95
1,41.403,46,19,96
1,41.4044,46,19,95
1,41.4339,45,18,96
1,41.4643,45,18,95
1,41.5932,44,17,96
1,41.6777,45,17,96
1,41.7527,46,17,96
1,41.9944,45,16,97
1,42.0846,45,16,96
1,42.1175,46,16,96
1,42.369,45,15,97
1,42.5658,45,16,97
1,42.6395,44,15,98
1,42.9394,43,14,99
1,43.2235,43,14,98
1,43.9236,44,14,98
1,43.9244,45,14,98
1,44.1806,46,14,98
1,44.4233,46,15,98
1,44.7803,46,16,98
1,45.1818,47,16,98
1,45.3006,47,16,97
1,45.3353,47,17,97
1,45.5707,48,17,97
1,45.5803,47,16,98
1,45.868,46,15,99
1,46.0053,45,14,100
1,46.0361,44,13,101
1,46.4397,45,13,101
1,46.6154,44,12,102
1,46.7748,45,12,102
1,46.9635,45,13,102
1,46.9717,45,13,101
1,47.0699,46,13,101
1,47.6985,47,13,101
1,47.9092,46,12,102
1,48.7531,46,13,102
1,49.347,46,13,101
1,49.4304,47,13,101
1,50.9293,46,12,102
1,50.9418,45,11,103
1,51.023,46,11,103
1,51.1328,45,10,104
1,51.2506,45,10,103
1,52.0102,45,10,102
1,52.0533,44,9,103
1,52.0876,44,10,103
1,52.6301,44,10,102
1,52.7906,45,10,102
1,53.2921,44,9,103
1,53.345,43,8,104
1,53.39,43,9,104
1,53.3951,42,8,105
1,53.4967,43,8,105
1,53.5566,43,8,104
1,53.5644,43,8,103
1,53.9076,44,8,103
1,54.3754,45,8,103
1,54.3912,45,8,102
1,54.8017,46,8,102
1,54.8441,46,9,102
1,55.3045,46,9,101
1,55.3873,46,10,101
1,55.6701,46,11,101
1,55.8012,46,11,100
1,55.8885,46,11,99
1,56.1588,46,12,99
1,56.1645,45,11,100
1,56.4837,45,12,100
1,56.6154,44,11,101
1,56.8195,43,10,102
1,57.2008,44,10,102
1,57.99,45,10,102
1,58.2175,46,10,102
1,58.3429,46,10,101
1,58.7244,46,10,100
1,58.8603,46,10,99
1,59.5212,47,10,99
1,59.7232,46,9,100
1,59.826,47,9,100
1,60.1149,47,10,100
1,60.1263,48,10,100
1,60.3529,49,10,100
1,60.5399,49,11,100
1,60.6063,49,11,99
1,60.6924,49,12,99
1,61.5202,50,12,99
1,61.5228,50,13,99
1,61.6439,49,12,100
1,61.673,49,12,99
1,61.6978,49,13,99
1,61.9002,49,13,98
1,61.9769,49,14,98
1,62.0574,49,15,98
1,62.3302,50,15,98
1,62.3827,50,15,97
1,62.6067,51,15,97
1,63.2748,52,15,97
1,63.3998,52,15,96
1,63.6994,53,15,96
1,63.8921,53,15,95
1,64.046,53,16,95
1,64.1413,53,16,94
1,64.3821,53,17,94
1,64.4128,52,16,95
1,64.5449,52,17,95
1,64.6027,52,17,94
1,64.6562,52,18,94
1,65.3037,51,17,95
1,65.3083,50,16,96
1,65.4931,51,16,96
1,65.6432,52,16,96
1,65.6824,52,17,96
1,65.6851,52,17,95
1,65.9225,52,18,95
1,66.1591,51,17,96
1,66.1778,51,17,95
1,66.5135,51,17,94
1,66.6824,51,17,93
1,66.7052,50,16,94
1,67.5176,51,16,94
1,67.8484,51,16,93
1,68.21,51,17,93
1,68.4851,51,17,92
1,68.538,52,17,92
1,68.8358,53,17,92
1,68.8461,54,17,92
1,68.864,54,17,91
1,69.4568,53,16,92
1,69.8499,53,17,92
1,70.2826,53,17,91
1,70.3112,53,18,91
1,71.0658,52,17,92
1,71.1524,51,16,93
1,71.313,51,17,93
1,71.8957,52,17,93
1,71.9632,53,17,93
1,72.2605,53,18,93
1,72.7577,52,17,94
1,73.0499,51,16,95
1,73.1862,50,15,96
1,73.2069,49,14,97
1,73.3007,48,13,98
1,74.0316,48,14,98
1,75.1886,48,14,97
1,75.1893,47,13,98
1,75.5198,47,14,98
1,76.0703,47,15,98
1,76.525,46,14,99
1,76.7932,46,15,99
1,76.8991,45,14,100
1,76.9944,44,13,101
1,77.5786,44,13,100
1,77.6664,45,13,100
1,78.0789,45,14,100
1,78.6333,45,14,99
1,78.8498,45,14,98
1,78.9857,45,14,97
1,79.1218,45,14,96
1,79.4678,45,14,95
1,79.5107,45,15,95
1,80.021,46,15,95
1,80.0313,46,15,94
1,80.1793,47,15,94
1,80.9149,47,16,94
1,81.1643,47,17,94
1,81.2468,47,17,93
1,81.3853,47,17,92
1,81.5394,47,17,91
1,81.9655,48,17,91
1,82.4271,48,18,91
1,82.7287,49,18,91
1,82.7763,49,18,90
1,82.8174,49,19,90
1,83.0298,49,19,89
1,83.8261,49,19,88
1,84.1415,49,20,88
1,84.5327,48,19,89
1,84.8585,49,19,89
1,84.8943,49,20,89
1,84.9385,49,20,88
1,85.0773,50,20,88
1,85.2854,49,19,89
1,85.338,49,19,88
1,85.3472,49,20,88
1,85.9769,50,20,88
1,86.1187,50,20,87
1,86.2539,49,19,88
1,86.3966,49,20,88
1,86.4581,49,21,88
1,86.4903,50,21,88
1,86.4986,51,21,88
1,86.7194,51,22,88
1,86.9756,52,22,88
1,87.2611,53,22,88
1,87.3219,53,23,88
1,88.0037,53,23,87
1,88.2293,52,22,88
1,88.4304,51,21,89
1,88.5729,50,20,90
1,88.7013,51,20,90
1,88.9513,51,20,89
1,88.9766,50,19,90
1,89.0307,50,19,89
1,89.0445,50,19,88
1,89.4685,49,18,89
1,89.645,49,18,88
1,89.6961,48,17,89
1,89.796,47,16,90
1,90.0493,47,16,89
1,90.054,47,17,89
1,90.4266,46,16,90
1,90.5324,45,15,91
1,90.5465,44,14,92
1,90.9154,44,15,92
1,91.3613,44,15,91
1,91.8578,45,15,91
1,91.9487,44,14,92
1,92.1143,43,13,93
1,92.1153,43,13,92
1,92.263,43,14,92
1,92.4458,44,14,92
1,92.4976,44,14,91
1,92.6666,45,14,91
1,94.1447,45,14,90
1,94.2018,46,14,90
1,94.7756,46,14,89
1,95.0482,46,14,88
1,95.8228,46,15,88
1,96.9781,47,15,88
1,97.2555,48,15,88
1,97.6636,47,14,89
1,97.7461,47,15,89
1,97.9748,48,15,89
1,98.0274,48,16,89
1,98.339,48,16,88
1,98.4804,47,15,89
1,98.5182,46,14,90
1,98.9252,46,15,90
1,99.3297,45,14,91
1,99.449,44,13,92
1,99.5275,44,14,92
1,99.7171,45,14,92
1,99.9615,45,15,92
1,99.9659,45,15,91
1,101.029,46,15,91
1,101.69,46,16,91
1,102.004,46,16,90
1,102.055,45,15,91
1,102.252,45,16,91
1,102.275,45,17,91
1,102.869,45,17,90
1,103.107,44,16,91
1,103.108,45,16,91
1,104.072,45,17,91
1,104.653,45,18,91
1,104.943,45,18,90
1,105.992,45,18,89
1,106.058,45,18,88
1,106.127,44,17,89
1,106.261,45,17,89
1,107.066,44,16,90
1,107.166,45,16,90
1,107.511,44,15,91
1,107.821,44,16,91
1,108.008,44,16,90
1,108.024,44,16,89
1,108.065,43,15,90
1,108.083,42,14,91
1,108.421,42,14,90
1,108.666,42,14,89
1,108.811,42,15,89
1,109.321,41,14,90
1,110.19,41,15,90
1,110.385,42,15,90
1,111.567,43,15,90
1,111.742,43,16,90
1,111.788,43,17,90
1,112.078,44,17,90
1,112.667,44,18,90
1,112.83,45,18,90
1,112.902,46,18,90
1,112.925,46,18,89
1,113.346,46,19,89
1,113.559,46,19,88
1,113.595,46,19,87
1,113.761,45,18,88
1,114.136,44,17,89
1,114.258,43,16,90
1,114.271,42,15,91
1,114.816,42,16,91
1,114.859,42,16,90
1,114.943,42,16,89
1,115.003,43,16,89
1,115.6,44,16,89
1,115.616,44,17,89
1,116.055,43,16,90
1,116.507,43,17,90
1,116.582,42,16,91
1,116.595,43,16,91
1,116.722,44,16,91
1,116.96,45,16,91
1,117.216,45,16,90
1,117.289,45,16,89
1,117.391,45,17,89
1,117.582,44,16,90
1,118.271,44,17,90
1,118.737,45,17,90
1,118.867,46,17,90
1,118.873,46,18,90
1,118.878,46,19,90
1,119.643,45,18,91
1,119.88,46,18,91
1,120.127,47,18,91
1,120.445,48,18,91
1,121.227,48,19,91
1,121.362,48,19,90
1,121.65,47,18,91
1,121.671,46,17,92
1,122.661,46,17,91
1,122.784,47,17,91
1,123.395,47,18,91
1,123.531,47,19,91
1,124.552,46,18,92
1,124.558,46,19,92
1,125.238,46,20,92
1,125.29,47,20,92
1,125.316,46,19,93
1,125.406,47,19,93
1,125.533,48,19,93
1,125.867,47,18,94
1,125.995,46,17,95
1,126.043,45,16,96
1,126.162,44,15,97
1,126.173,44,16,97
1,126.982,43,15,98
1,127.419,43,15,97
1,127.466,44,15,97
1,127.501,44,16,97
1,127.657,44,16,96
1,128.713,43,15,97
1,128.927,43,16,97
1,129.159,42,15,98
1,129.827,42,15,97
1,130.851,43,15,97
1,130.93,43,16,97
1,131.236,44,16,97
1,131.261,43,15,98
1,131.621,43,15,97
1,132.453,44,15,97
1,132.838,44,16,97
1,133.835,45,16,97
1,134.004,45,17,97
1,134.214,45,17,96
1,135.246,45,18,96
1,135.74,44,17,97
1,136.014,44,18,97
1,136.502,44,19,97
1,136.686,44,20,97
1,136.942,43,19,98
1,137.036,43,20,98
1,137.294,44,20,98
1,137.295,45,20,98
1,137.556,45,21,98
1,137.952,45,21,97
1,137.98,44,20,98
1,138.196,43,19,99
1,138.524,43,20,99
1,138.975,43,21,99
1,139.263,43,22,99
1,140.239,43,23,99
1,140.542,43,24,99
1,141.528,42,23,100
1,141.57,42,23,99
1,141.688,41,22,100
1,141.789,41,22,99
1,141.979,41,22,98
1,142.075,40,21,99
1,142.153,40,21,98
1,142.309,40,22,98
1,142.559,40,22,97
1,142.984,40,23,97
1,143.652,40,24,97
1,143.934,40,25,97
1,144.604,40,26,97
1,144.778,41,26,97
1,144.837,42,26,97
1,144.941,42,26,96
1,145.155,43,26,96
1,145.192,42,25,97
1,145.468,43,25,97
1,146.161,44,25,97
1,146.325,44,26,97
1,146.457,43,25,98
1,146.478,43,26,98
1,146.853,42,25,99
1,146.876,41,24,100
1,147.003,42,24,100
1,147.118,42,25,100
1,147.171,42,26,100
1,147.307,41,25,101
1,147.403,41,25,100
1,147.906,41,26,100
1,148.722,42,26,100
1,148.946,43,26,100
1,149.361,42,25,101
1,150.325,42,25,100
1,150.391,42,25,99
1,150.641,41,24,100
1,150.781,41,25,100
1,150.837,42,25,100
1,151.185,41,24,101
1,151.46,40,23,102
1,151.667,40,23,101
1,151.858,41,23,101
1,152.024,41,23,100
1,152.225,40,22,101
1,152.618,40,23,101
1,152.683,40,23,100
1,152.908,41,23,100
1,153.328,41,23,99
1,153.522,40,22,100
1,154.584,40,23,100
1,155.041,40,23,99
1,155.041,39,22,100
1,155.083,40,22,100
1,155.238,40,22,99
1,155.334,40,23,99
1,155.467,39,22,100
1,155.565,39,23,100
1,155.601,38,22,101
1,155.817,37,21,102
1,155.853,36,20,103
1,156.391,37,20,103
1,156.676,36,19,104
1,156.7,36,20,104
1,156.917,35,19,105
1,158.049,36,19,105
1,158.211,36,19,104
1,158.266,37,19,104
1,158.331,36,18,105
1,158.695,37,18,105
1,159.069,37,19,105
1,159.145,37,19,104
1,160.015,37,19,103
1,160.024,38,19,103
1,161.799,38,19,102
1,161.905,38,20,102
1,162.142,38,20,101
1,162.763,38,20,100
1,163.034,38,20,99
1,163.086,38,20,98
1,163.509,37,19,99
1,163.574,36,18,100
1,163.656,36,19,100
1,163.906,36,19,99
1,164.093,36,19,98
1,164.424,35,18,99
1,164.458,35,19,99
1,164.519,35,19,98
1,164.756,35,19,97
1,164.91,34,18,98
1,164.922,34,18,97
1,165.112,34,19,97
1,165.997,33,18,98
1,166.231,33,18,97
1,166.595,32,17,98
1,166.752,32,18,98
1,166.77,32,18,97
1,167.031,32,19,97
1,167.154,33,19,97
1,167.224,34,19,97
1,167.527,34,20,97
1,168.118,35,20,97
1,168.406,36,20,97
1,168.692,36,21,97
1,168.719,36,21,96
1,168.939,36,22,96
1,169.023,35,21,97
1,169.291,36,21,97
1,169.789,37,21,97
1,170.345,38,21,97
1,170.574,39,21,97
1,170.642,39,21,96
1,170.827,38,20,97
1,171.402,38,20,96
1,171.839,38,21,96
1,171.849,38,21,95
1,171.887,38,22,95
1,172.056,39,22,95
1,172.275,38,21,96
1,172.98,37,20,97
1,173.795,38,20,97
1,174.253,37,19,98
1,174.671,37,19,97
1,174.715,37,20,97
1,174.877,37,21,97
1,174.933,38,21,97
1,175.691,38,21,96
1,176.171,38,21,95
1,176.661,38,22,95
1,176.696,38,23,95
1,177.055,39,23,95
1,177.623,39,24,95
1,178.2,39,24,94
1,178.2,40,24,94
1,178.243,41,24,94
1,178.301,42,24,94
1,178.347,42,24,93
1,179.147,43,24,93
1,179.53,42,23,94
1,179.624,41,22,95
1,179.851,40,21,96
1,179.914,40,22,96
1,180.198,40,23,96
1,180.305,41,23,96
1,180.437,41,23,95
1,180.787,41,23,94
1,180.931,41,23,93
1,181.082,42,23,93
1,181.289,42,23,92
1,181.398,41,22,93
1,181.828,40,21,94
1,182.004,40,22,94
1,182.123,39,21,95
1,182.139,39,21,94
1,182.35,38,20,95
1,182.41,38,21,95
1,182.677,38,21,94
1,184.125,39,21,94
1,184.429,39,22,94
1,184.727,38,21,95
1,184.756,37,20,96
1,184.943,37,21,96
1,184.998,38,21,96
1,185.067,38,21,95
1,185.163,39,21,95
1,185.506,38,20,96
1,185.508,39,20,96
1,185.777,40,20,96
1,186.156,41,20,96
1,186.372,41,20,95
1,186.538,40,19,96
1,186.943,39,18,97
1,187.184,39,18,96
1,187.908,39,18,95
1,187.914,38,17,96
1,188.187,39,17,96
1,188.354,38,16,97
1,188.547,37,15,98
1,188.714,37,16,98
1,188.974,38,16,98
1,189.69,39,16,98
1,190.032,40,16,98
1,190.144,39,15,99
1,190.265,38,14,100
1,190.314,39,14,100
1,190.387,38,13,101
1,190.391,39,13,101
1,190.882,39,13,100
1,190.891,38,12,101
1,191.292,38,12,100
1,191.777,38,12,99
1,192.256,38,13,99
1,192.496,38,14,99
1,192.553,38,15,99
1,192.925,38,16,99
1,193.354,37,15,100
1,193.801,36,14,101
1,193.864,36,14,100
1,194.039,36,15,100
1,194.094,36,15,99
1,195.069,35,14,100
1,195.129,34,13,101
1,195.539,35,13,101
1,196.512,35,14,101
1,196.554,36,14,101
1,196.774,36,14,100
1,196.865,37,14,100
1,197.198,37,15,100
1,197.239,38,15,100
1,197.357,39,15,100
1,197.663,39,16,100
1,198.139,38,15,101
1,198.761,38,16,101
1,198.928,39,16,101
1,198.971,39,16,100
1,199.165,39,17,100
1,199.219,39,18,100
1,199.84,38,17,101
1,199.964,38,17,100
1,200.278,38,17,99
2,0.097573,119,79,2
2,0.208127,118,78,3
2,0.319519,117,77,4
2,0.39884,116,76,5
2,0.453766,115,75,6
2,0.465733,114,74,7
2,0.756832,113,73,8
2,0.847866,112,72,9
2,0.996258,111,71,10
2,1.00268,110,70,11
2,1.03247,110,70,10
2,1.11745,109,69,11
2,1.16783,109,70,11
2,1.18702,108,69,12
2,1.28127,107,68,13
2,1.31738,106,67,14
2,1.31883,107,67,14
2,1.32477,106,66,15
2,1.41001,105,65,16
2,1.52427,104,64,17
2,1.58236,103,63,18
2,2.07932,104,63,18
2,2.13762,103,62,19
2,2.39324,104,62,19
2,2.50362,104,63,19
2,2.89313,103,62,20
2,3.04875,102,61,21
2,3.11611,103,61,21
2,3.28694,102,60,22
2,3.3065,103,60,22
2,3.34804,102,59,23
2,3.70514,103,59,23
2,3.71799,102,58,24
2,3.85013,101,57,25
2,3.88698,100,56,26
2,4.13934,99,55,27
2,4.2213,98,54,28
2,4.41316,97,53,29
2,4.72612,96,52,30
2,4.76417,95,51,31
2,4.78763,95,52,31
2,4.87008,94,51,32
2,5.01466,93,50,33
2,5.01893,92,49,34
2,5.03437,92,49,33
2,5.0937,93,49,33
2,5.17067,92,48,34
2,5.33267,91,47,35
2,5.43498,90,46,36
2,6.13421,89,45,37
2,6.2279,88,44,38
2,6.24249,87,43,39
2,6.45358,86,42,40
2,6.61648,86,43,40
2,6.716,86,43,39
2,6.7331,86,44,39
2,6.95467,86,45,39
2,6.97846,87,45,39
2,6.9969,87,46,39
2,7.01632,86,45,40
2,7.24363,86,45,39
2,7.37373,85,44,40
2,8.04544,84,43,41
2,8.10253,84,44,41
2,8.16833,84,45,41
2,8.46598,83,44,42
2,8.74049,82,43,43
2,8.74074,81,42,44
2,9.05504,80,41,45
2,9.06793,79,40,46
2,9.0953,80,40,46
2,9.32624,80,41,46
2,9.3956,80,42,46
2,9.39603,79,41,47
2,9.47784,78,40,48
2,9.54221,77,39,49
2,9.76612,76,38,50
2,9.76663,77,38,50
2,9.79533,77,39,50
2,9.92775,78,39,50
2,10.0068,77,38,51
2,10.0885,76,37,52
2,10.1127,75,36,53
2,10.1402,75,36,52
2,10.155,76,36,52
2,10.7654,75,35,53
2,10.7957,74,34,54
2,10.8523,73,33,55
2,10.9687,73,34,55
2,11.0563,73,34,54
2,11.3409,72,33,55
2,11.3488,72,34,55
2,11.4887,71,33,56
2,11.5331,70,32,57
2,11.5594,71,32,57
2,12.0005,72,32,57
2,12.4645,73,32,57
2,12.47,73,33,57
2,12.5288,72,32,58
2,12.929,73,32,58
2,12.9964,72,31,59
2,13.1346,71,30,60
2,13.4151,70,29,61
2,13.6212,70,30,61
2,13.6698,69,29,62
2,14.0928,68,28,63
2,14.3536,67,27,64
2,14.5696,68,27,64
2,14.6487,69,27,64
2,14.6497,68,26,65
2,14.7083,69,26,65
2,15.0337,68,25,66
2,15.5193,67,24,67
2,15.7823,67,24,66
2,15.8283,66,23,67
2,15.9464,66,24,67
2,16.5205,65,23,68
2,16.5719,65,24,68
2,16.649,64,23,69
2,16.8897,64,23,68
2,16.9929,65,23,68
2,17.1637,66,23,68
2,17.4408,65,22,69
2,17.4888,64,21,70
2,17.9393,63,20,71
2,18.1981,64,20,71
2,18.7413,65,20,71
2,18.8646,64,19,72
2,19.3082,63,18,73
2,19.4766,64,18,73
2,20.2849,63,17,74
2,20.695,63,17,73
2,20.6976,63,17,72
2,21.5697,64,17,72
2,21.6414,65,17,72
2,22.4047,65,17,71
2,22.4589,65,18,71
2,22.7342,65,19,71
2,22.844,65,19,70
2,23.1553,64,18,71
2,23.3165,63,17,72
2,23.6048,63,18,72
2,23.8417,62,17,73
2,24.3042,62,18,73
2,24.7913,62,19,73
2,25.5742,62,19,72
2,25.9246,63,19,72
2,26.7648,62,18,73
2,26.8258,61,17,74
2,26.8328,61,17,73
2,26.8817,62,17,73
2,26.8941,61,16,74
2,27.1613,62,16,74
2,28.3262,61,15,75
2,28.4606,61,15,74
2,28.4671,61,16,74
2,28.4975,61,16,73
2,29.4696,60,15,74
2,30.4244,59,14,75
2,31.6031,60,14,75
2,31.8949,60,14,74
2,32.7978,60,14,73
2,33.2384,61,14,73
2,33.5354,61,15,73
2,33.9059,61,15,72
2,34.7454,61,16,72
2,35.0858,60,15,73
2,35.1707,60,15,72
2,35.2256,60,16,72
2,35.4337,59,15,73
2,35.6841,60,15,73
2,36.1294,59,14,74
2,36.2275,59,15,74
2,36.6854,59,15,73
2,37.0108,58,14,74
2,37.2851,59,14,74
2,37.4995,60,14,74
2,37.841,61,14,74
2,38.0041,60,13,75
2,38.1782,61,13,75
2,38.3364,61,14,75
2,38.6353,61,14,74
2,38.9068,62,14,74
2,39.33,62,14,73
2,40.094,62,15,73
2,40.4026,62,16,73
2,40.9354,61,15,74
2,41.1556,60,14,75
2,41.201,59,13,76
2,41.6101,59,14,76
2,41.8359,60,14,76
2,41.9503,59,13,77
2,42.093,60,13,77
2,42.469,60,14,77
2,42.509,59,13,78
2,42.9772,60,13,78
2,43.3077,60,14,78
2,43.4515,60,15,78
2,43.8033,59,14,79
2,44.0701,59,15,79
2,44.3115,59,15,78
2,44.3505,59,16,78
2,44.4016,59,16,77
2,44.6732,58,15,78
2,44.8068,58,16,78
2,45.1983,57,15,79
2,45.3585,58,15,79
2,45.5913,58,16,79
2,45.9363,58,16,78
2,46.7263,58,16,77
2,46.8632,58,16,76
2,48.035,58,17,76
2,48.2423,57,16,77
2,48.6728,56,15,78
2,49.5227,56,15,77
2,49.8047,56,15,76
2,49.957,56,16,76
2,50.8965,56,17,76
2,51.1476,56,17,75
2,51.2252,56,18,75
2,51.3242,56,19,75
2,51.3493,56,20,75
2,51.4525,56,20,74
2,51.7011,57,20,74
2,51.9346,56,19,75
2,52.1564,56,20,75
2,52.6571,56,21,75
2,52.6874,57,21,75
2,52.9068,56,20,76
2,53.2901,56,21,76
2,53.3918,55,20,77
2,53.5988,55,20,76
2,53.6971,55,21,76
2,53.9242,55,22,76
2,54.0262,55,23,76
2,54.1704,56,23,76
2,54.6035,56,23,75
2,54.7136,57,23,75
2,54.7966,56,22,76
2,55.0255,55,21,77
2,55.3246,55,21,76
2,55.3783,54,20,77
2,55.4459,54,21,77
2,55.4885,55,21,77
2,55.4906,54,20,78
2,55.7507,54,20,77
2,56.6731,54,20,76
2,57.296,54,21,76
2,57.6439,55,21,76
2,57.9966,55,22,76
2,58.2393,55,22,75
2,58.2649,55,22,74
2,58.4071,55,23,74
2,58.5965,55,24,74
2,58.7561,56,24,74
2,58.9226,56,24,73
2,59.0023,56,25,73
2,59.3161,57,25,73
2,59.4123,57,25,72
2,60.0198,57,25,71
2,60.2541,57,26,71
2,60.2561,57,26,70
2,60.2782,57,26,69
2,60.3054,56,25,70
2,60.6605,56,26,70
2,60.8483,56,27,70
2,61.2586,56,28,70
2,61.957,56,29,70
2,62.0114,55,28,71
2,62.5924,55,29,71
2,62.6327,54,28,72
2,62.6625,55,28,72
2,62.7202,56,28,72
2,62.859,55,27,73
2,62.8743,54,26,74
2,62.8907,54,26,73
2,63.2818,54,26,72
2,63.7885,53,25,73
2,64.8394,52,24,74
2,64.9622,51,23,75
2,64.9753,50,22,76
2,65.1111,50,23,76
2,65.2406,49,22,77
2,65.4631,50,22,77
2,65.9525,49,21,78
2,65.9985,49,21,77
2,66.3017,50,21,77
2,66.3401,51,21,77
2,67.2525,50,20,78
2,68.1543,51,20,78
2,68.3016,51,21,78
2,68.3257,50,20,79
2,68.526,49,19,80
2,68.7459,49,19,79
2,68.763,49,19,78
2,69.2436,50,19,78
2,69.7448,50,20,78
2,69.7817,49,19,79
2,70.3745,49,20,79
2,70.5074,49,20,78
2,70.7693,49,20,77
2,70.8501,49,21,77
2,71.0307,48,20,78
2,71.0452,47,19,79
2,71.283,47,20,79
2,71.3554,47,20,78
2,71.553,47,20,77
2,71.6615,47,20,76
2,71.7931,47,21,76
2,72.137,48,21,76
2,72.5752,49,21,76
2,72.6968,50,21,76
2,72.6971,49,20,77
2,73.1771,50,20,77
2,73.9257,50,20,76
2,74.2198,49,19,77
2,74.363,49,19,76
2,74.5822,49,20,76
2,74.6212,49,21,76
2,74.6856,49,22,76
2,75.002,48,21,77
2,75.217,49,21,77
2,75.4135,49,22,77
2,76.4071,49,22,76
2,76.6041,49,22,75
2,76.7288,49,22,74
2,77.1647,49,23,74
2,77.5452,48,22,75
2,78.3716,48,23,75
2,79.6367,48,24,75
2,79.7221,47,23,76
2,79.9064,48,23,76
2,80.1926,48,24,76
2,80.5204,47,23,77
2,80.5896,48,23,77
2,81.034,47,22,78
2,81.2533,47,23,78
2,81.4706,46,22,79
2,81.8108,46,22,78
2,81.8266,46,23,78
2,82.1657,46,23,77
2,82.7173,47,23,77
2,83.076,47,23,76
2,83.3494,46,22,77
2,83.7145,47,22,77
2,83.8564,47,22,76
2,84.2179,47,23,76
2,84.7299,48,23,76
2,84.8881,47,22,77
2,85.2985,47,22,76
2,85.4905,48,22,76
2,86.1031,49,22,76
2,86.1047,50,22,76
2,86.182,50,23,76
2,86.3565,50,23,75
2,86.5073,50,23,74
2,86.6114,49,22,75
2,87.2686,50,22,75
2,87.3994,50,23,75
2,87.5609,51,23,75
2,87.5621,50,22,76
2,87.6427,49,21,77
2,87.7187,49,21,76
2,87.9133,48,20,77
2,88.0635,48,21,77
2,88.0991,48,22,77
2,88.5286,48,22,76
2,88.639,47,21,77
2,88.7966,46,20,78
2,89.6419,46,20,77
2,89.739,46,20,76
2,90.2611,47,20,76
2,90.3555,48,20,76
2,90.565,47,19,77
2,90.8277,47,20,77
2,91.0281,47,21,77
2,91.8115,48,21,77
2,91.8235,48,22,77
2,92.2612,47,21,78
2,92.2983,47,22,78
2,92.762,48,22,78
2,92.9145,47,21,79
2,92.9185,46,20,80
2,93.4605,46,20,79
2,94.1038,47,20,79
2,94.2136,46,19,80
2,94.5484,46,19,79
2,95.0583,46,19,78
2,95.1048,47,19,78
2,95.1426,46,18,79
2,95.2734,46,19,79
2,96.2119,47,19,79
2,96.3474,48,19,79
2,96.5908,47,18,80
2,96.8041,47,19,80
2,96.8542,46,18,81
2,97.0438,46,18,80
2,97.4835,46,18,79
2,97.5286,45,17,80
2,97.5402,46,17,80
2,97.541,45,16,81
2,97.6928,46,16,81
2,97.8233,47,16,81
2,98.3121,47,17,81
2,98.3273,46,16,82
2,98.4768,47,16,82
2,98.84,47,16,81
2,99.2747,47,17,81
2,99.6604,47,17,80
2,99.6911,47,18,80
2,99.9695,46,17,81
2,100.889,47,17,81
2,101.452,47,17,80
2,101.699,47,18,80
2,101.803,48,18,80
2,101.891,47,17,81
2,102.664,48,17,81
2,102.886,48,18,81
2,102.897,49,18,81
2,102.908,50,18,81
2,103.248,50,18,80
2,103.415,50,18,79
2,103.873,51,18,79
2,104.331,51,19,79
2,104.338,52,19,79
2,104.369,51,18,80
2,104.507,51,18,79
2,104.816,50,17,80
2,105.765,50,17,79
2,105.992,51,17,79
2,106.323,51,18,79
2,106.802,51,18,78
2,106.998,52,18,78
2,107.163,53,18,78
2,107.38,53,19,78
2,107.608,53,20,78
2,107.774,54,20,78
2,108.081,54,20,77
2,108.643,54,21,77
2,108.982,55,21,77
2,109.412,55,21,76
2,109.583,56,21,76
2,109.646,56,22,76
2,109.75,56,22,75
2,109.886,55,21,76
2,110.303,55,22,76
2,110.534,56,22,76
2,110.941,55,21,77
2,110.976,56,21,77
2,111.025,55,20,78
2,111.531,55,21,78
2,111.653,56,21,78
2,111.72,55,20,79
2,112.239,54,19,80
2,112.322,53,18,81
2,112.338,53,19,81
2,112.435,52,18,82
2,112.597,51,17,83
2,112.83,50,16,84
2,113.264,50,17,84
2,113.418,50,18,84
2,113.786,50,19,84
2,113.918,51,19,84
2,113.957,51,19,83
2,114.334,51,20,83
2,114.361,51,20,82
2,115.395,51,21,82
2,115.461,52,21,82
2,115.644,51,20,83
2,115.668,51,21,83
2,115.801,51,21,82
2,115.845,51,22,82
2,115.933,52,22,82
2,116.152,52,23,82
2,116.166,52,23,81
2,116.506,52,24,81
2,116.927,52,25,81
2,116.971,52,26,81
2,117.168,51,25,82
2,117.401,51,26,82
2,117.402,51,26,81
2,118.2,51,26,80
2,118.211,50,25,81
2,118.534,51,25,81
2,118.667,52,25,81
2,119.055,52,25,80
2,119.455,51,24,81
2,119.523,51,25,81
2,119.562,51,25,80
2,119.92,51,25,79
2,120.016,51,26,79
2,120.34,52,26,79
2,121.283,52,27,79
2,121.331,52,28,79
2,121.588,53,28,79
2,122.073,54,28,79
2,122.078,53,27,80
2,122.527,54,27,80
2,122.6,53,26,81
2,122.709,53,27,81
2,122.955,54,27,81
2,123.322,54,27,80
2,123.345,55,27,80
2,123.448,54,26,81
2,123.882,53,25,82
2,123.959,52,24,83
2,123.997,51,23,84
2,124.04,50,22,85
2,124.655,49,21,86
2,124.729,50,21,86
2,124.849,50,22,86
2,124.972,49,21,87
2,125.203,48,20,88
2,125.255,47,19,89
2,126.151,48,19,89
2,126.305,48,20,89
2,126.481,49,20,89
2,126.54,49,20,88
2,127.544,48,19,89
2,127.68,48,19,88
2,128.423,49,19,88
2,128.728,48,18,89
2,128.856,48,19,89
2,128.929,48,19,88
2,128.989,48,19,87
2,129.043,48,20,87
2,129.198,49,20,87
2,129.361,48,19,88
2,129.382,47,18,89
2,129.73,47,19,89
2,129.937,46,18,90
2,129.97,46,19,90
2,130.455,45,18,91
2,130.647,45,18,90
2,130.73,45,18,89
2,130.765,44,17,90
2,131.022,45,17,90
2,131.852,44,16,91
2,133.009,44,16,90
2,133.027,44,16,89
2,133.038,44,17,89
2,133.077,45,17,89
2,133.441,46,17,89
2,133.53,46,18,89
2,133.681,45,17,90
2,133.929,46,17,90
2,134.115,46,17,89
2,134.245,46,18,89
2,134.296,46,18,88
2,134.502,47,18,88
2,135.014,46,17,89
2,135.041,47,17,89
2,135.288,48,17,89
2,135.404,48,17,88
2,135.405,48,18,88
2,135.613,48,18,87
2,135.672,49,18,87
2,135.909,48,17,88
2,135.963,47,16,89
2,136.453,47,17,89
2,136.515,46,16,90
2,136.592,46,16,89
2,136.744,47,16,89
2,136.766,47,17,89
2,136.988,47,17,88
2,137.147,47,18,88
2,137.497,47,19,88
2,137.866,46,18,89
2,137.944,45,17,90
2,138.138,44,16,91
2,138.374,43,15,92
2,138.538,44,15,92
2,138.551,45,15,92
2,138.688,45,15,91
2,139.172,44,14,92
2,140.184,44,15,92
2,140.402,45,15,92
2,140.577,44,14,93
2,140.58,43,13,94
2,141.221,43,14,94
2,141.535,44,14,94
2,141.919,44,14,93
2,143.086,44,15,93
2,143.21,44,16,93
2,143.412,44,16,92
2,143.552,44,16,91
2,144.301,44,17,91
2,144.428,45,17,91
2,144.645,46,17,91
2,144.987,45,16,92
2,145.426,46,16,92
2,145.562,46,17,92
2,145.616,46,17,91
2,145.76,47,17,91
2,145.771,47,17,90
2,145.891,47,18,90
2,146.283,47,19,90
2,146.374,48,19,90
2,146.79,48,19,89
2,146.8,49,19,89
2,147.5,50,19,89
2,147.605,50,19,88
2,147.742,50,20,88
2,148.13,49,19,89
2,148.211,49,19,88
2,148.238,49,19,87
2,148.343,50,19,87
2,148.603,50,19,86
2,148.763,50,19,85
2,148.98,50,19,84
2,149.107,49,18,85
2,149.606,48,17,86
2,149.942,47,16,87
2,150.034,48,16,87
2,150.192,48,17,87
2,150.56,47,16,88
2,150.823,46,15,89
2,151.774,46,15,88
2,151.928,45,14,89
2,152.832,46,14,89
2,152.956,46,15,89
2,153.098,47,15,89
2,153.466,47,16,89
2,153.485,47,16,88
2,153.58,48,16,88
2,153.956,48,16,87
2,153.958,49,16,87
2,154.188,50,16,87
2,154.954,49,15,88
2,155.037,49,16,88
2,155.125,48,15,89
2,155.215,47,14,90
2,155.312,47,14,89
2,155.416,48,14,89
2,155.605,49,14,89
2,155.619,49,14,88
2,155.845,49,15,88
2,156.337,49,16,88
2,156.491,48,15,89
2,157.202,48,16,89
2,157.265,47,15,90
2,157.307,46,14,91
2,158.408,47,14,91
2,158.658,47,15,91
2,158.851,46,14,92
2,158.882,46,15,92
2,159.289,46,15,91
2,159.384,46,16,91
2,159.475,47,16,91
2,159.801,47,16,90
2,159.869,47,16,89
2,159.88,48,16,89
2,159.942,47,15,90
2,160.798,47,15,89
2,161.525,47,15,88
2,161.613,46,14,89
2,161.72,46,14,88
2,161.805,47,14,88
2,161.977,47,14,87
2,162.452,48,14,87
2,162.462,47,13,88
2,162.475,47,14,88
2,162.658,47,15,88
2,162.744,47,15,87
2,162.936,48,15,87
2,163.422,48,16,87
2,163.526,48,17,87
2,163.9,48,17,86
2,163.974,48,18,86
2,164.27,49,18,86
2,164.729,49,18,85
2,164.736,50,18,85
2,164.838,51,18,85
2,165.757,52,18,85
2,166.058,51,17,86
2,167.205,52,17,86
2,167.596,52,17,85
2,167.879,52,17,84
2,167.892,52,18,84
2,168.098,52,18,83
2,168.249,53,18,83
2,168.591,53,19,83
2,168.811,54,19,83
2,169.296,55,19,83
2,169.35,54,18,84
2,169.413,54,19,84
2,169.843,54,19,83
2,170.539,53,18,84
2,170.735,52,17,85
2,170.904,52,18,85
2,170.905,51,17,86
2,171.228,51,18,86
2,171.425,50,17,87
2,171.929,49,16,88
2,171.995,50,16,88
2,172.091,50,17,88
2,172.148,50,18,88
2,172.543,49,17,89
2,173.109,49,18,89
2,173.608,48,17,90
2,173.657,47,16,91
2,173.713,46,15,92
2,174.03,46,15,91
2,174.283,46,15,90
2,174.766,46,16,90
2,174.868,47,16,90
2,175.399,47,17,90
2,175.533,48,17,90
2,175.878,48,17,89
2,176.462,48,17,88
2,176.93,48,18,88
2,177.142,48,18,87
2,177.31,49,18,87
2,177.625,49,18,86
2,177.693,48,17,87
2,177.724,48,17,86
2,178.344,49,17,86
2,178.534,49,17,85
2,178.639,49,18,85
2,178.807,50,18,85
2,179.132,51,18,85
2,179.26,51,18,84
2,179.655,51,18,83
2,179.765,50,17,84
2,179.892,50,17,83
2,180.018,50,18,83
2,180.446,51,18,83
2,180.494,52,18,83
2,180.698,51,17,84
2,180.911,50,16,85
2,181.225,51,16,85
2,181.715,50,15,86
2,182.033,50,15,85
2,182.202,51,15,85
2,182.535,51,15,84
2,183.009,50,14,85
2,183.09,51,14,85
2,183.826,51,14,84
2,183.96,52,14,84
2,184.264,52,14,83
2,184.288,52,15,83
2,184.369,52,16,83
2,184.417,53,16,83
2,184.935,54,16,83
2,185.027,53,15,84
2,185.395,53,16,84
2,185.546,54,16,84
2,185.564,54,17,84
2,185.712,54,18,84
2,185.989,53,17,85
2,186.581,52,16,86
2,187.006,52,16,85
2,187.045,53,16,85
2,187.243,53,16,84
2,187.378,53,17,84
2,187.486,53,18,84
2,187.499,53,19,84
2,187.941,53,19,83
2,187.951,53,20,83
2,187.997,53,21,83
2,188.048,53,21,82
2,188.054,53,22,82
2,188.377,53,22,81
2,188.67,54,22,81
2,188.916,55,22,81
2,188.931,55,23,81
2,188.946,55,24,81
2,189.053,56,24,81
2,189.289,55,23,82
2,189.311,56,23,82
2,189.549,55,22,83
2,189.591,56,22,83
2,189.608,56,23,83
2,189.902,56,24,83
2,190.138,57,24,83
2,190.302,57,24,82
2,190.387,56,23,83
2,190.554,56,24,83
2,191.19,55,23,84
2,191.331,55,23,83
2,191.443,55,24,83
2,192.384,54,23,84
2,192.535,54,24,84
2,192.633,55,24,84
2,192.846,54,23,85
2,193.386,53,22,86
2,194.369,52,21,87
2,194.765,52,22,87
2,194.946,53,22,87
2,195.486,52,21,88
2,195.554,52,22,88
2,195.578,51,21,89
2,195.664,50,20,90
2,195.899,49,19,91
2,196.079,49,20,91
2,196.658,49,20,90
2,196.765,49,20,89
2,196.783,48,19,90
2,196.938,47,18,91
2,197.065,48,18,91
2,197.239,48,18,90
2,197.449,48,19,90
2,197.612,48,19,89
2,197.96,48,19,88
2,198.089,48,20,88
2,198.394,49,20,88
2,198.476,49,20,87
2,198.484,49,21,87
2,198.619,49,22,87
2,198.649,49,23,87
2,199.614,49,24,87
2,199.772,49,24,86
2,200.186,49,25,86
3,0.0327423,119,79,2
3,0.0873159,118,78,3
3,0.0876944,117,77,4
3,0.126983,116,76,5
3,0.127818,115,75,6
3,0.144423,114,74,7
3,0.181704,113,73,8
3,0.208889,112,72,9
3,0.357988,112,73,9
3,0.381971,111,72,10
3,0.409515,111,73,10
3,0.478397,110,72,11
3,0.495945,109,71,12
3,0.496831,110,71,12
3,0.554203,109,70,13
3,0.665066,108,69,14
3,0.671751,107,68,15
3,0.677069,108,68,15
3,0.762811,107,67,16
3,0.963647,106,66,17
3,1.05723,105,65,18
3,1.09191,104,64,19
3,1.2479,104,65,19
3,1.2819,105,65,19
3,1.3019,104,64,20
3,1.42465,103,63,21
3,1.50375,102,62,22
3,1.506,101,61,23
3,1.5354,100,60,24
3,1.58272,101,60,24
3,1.84871,100,59,25
3,1.90155,100,59,24
3,2.43593,99,58,25
3,2.66162,99,59,25
3,2.69393,98,58,26
3,2.72232,98,58,25
3,3.00008,97,57,26
3,3.00809,96,56,27
3,3.01284,95,55,28
3,3.04252,94,54,29
3,3.07257,93,53,30
3,3.119,92,52,31
3,3.19353,93,52,31
3,3.79295,93,53,31
3,3.80717,94,53,31
3,3.99696,93,52,32
3,4.21487,94,52,32
3,4.59844,94,53,32
3,4.61536,94,54,32
3,4.72312,93,53,33
3,4.73171,93,54,33
3,4.77089,92,53,34
3,5.15244,91,52,35
3,5.49901,90,51,36
3,5.50775,90,52,36
3,5.58316,89,51,37
3,5.70801,88,50,38
3,5.99632,88,51,38
3,6.08098,87,50,39
3,6.08624,86,49,40
3,6.56177,85,48,41
3,6.59805,84,47,42
3,7.01137,83,46,43
3,7.02371,82,45,44
3,7.30201,81,44,45
3,7.30386,81,45,45
3,7.7373,80,44,46
3,7.82761,79,43,47
3,7.83558,78,42,48
3,7.89694,77,41,49
3,8.03235,76,40,50
3,8.37253,75,39,51
3,8.45002,76,39,51
3,8.50245,76,40,51
3,8.90159,77,40,51
3,8.98926,77,41,51
3,9.05159,76,40,52
3,9.28018,75,39,53
3,9.80688,74,38,54
3,9.80829,74,39,54
3,10.1109,73,38,55
3,10.138,74,38,55
3,10.2908,75,38,55
3,10.5279,76,38,55
3,10.9364,76,38,54
3,11.2097,75,37,55
3,11.2141,74,36,56
3,11.2241,75,36,56
3,11.6279,74,35,57
3,11.7333,73,34,58
3,12.2017,72,33,59
3,12.5978,71,32,60
3,13.2881,71,33,60
3,13.3872,70,32,61
3,13.4662,69,31,62
3,13.6467,69,31,61
3,13.6776,68,30,62
3,14.2383,68,31,62
3,14.3937,67,30,63
3,14.7177,67,30,62
3,14.8636,66,29,63
3,16.136,65,28,64
3,16.7255,64,27,65
3,16.7645,63,26,66
3,17.3421,64,26,66
3,17.4689,64,27,66
3,17.6172,64,27,65
3,18.071,64,27,64
3,18.108,64,27,63
3,18.2318,64,27,62
3,18.341,63,26,63
3,18.3975,64,26,63
3,18.4521,64,26,62
3,18.609,64,27,62
3,18.6672,64,28,62
3,19.022,64,28,61
3,19.0742,63,27,62
3,19.3675,64,27,62
3,19.5258,64,28,62
3,20.0393,64,29,62
3,20.205,63,28,63
3,20.3236,62,27,64
3,20.4578,61,26,65
3,20.5781,61,27,65
3,20.6903,60,26,66
3,20.7164,61,26,66
3,20.7979,60,25,67
3,21.5099,60,26,67
3,21.8547,61,26,67
3,21.8589,61,27,67
3,22.4579,60,26,68
3,22.6527,59,25,69
3,22.9754,60,25,69
3,23.3385,60,26,69
3,23.7462,59,25,70
3,23.9614,58,24,71
3,23.992,58,25,71
3,24.2203,57,24,72
3,24.3746,57,25,72
3,24.3913,57,25,71
3,24.58,58,25,71
3,25.0201,57,24,72
3,25.0394,58,24,72
3,25.1635,58,25,72
3,25.7153,57,24,73
3,26.1082,58,24,73
3,26.4197,57,23,74
3,26.5841,58,23,74
3,26.6214,58,24,74
3,26.6533,58,24,73
3,27.0983,58,24,72
3,27.142,57,23,73
3,27.294,57,24,73
3,27.4103,56,23,74
3,27.4322,57,23,74
3,27.4466,57,24,74
3,27.9043,56,23,75
3,27.9325,57,23,75
3,28.1486,57,24,75
3,28.5189,57,25,75
3,28.528,57,26,75
3,28.5866,58,26,75
3,28.7803,58,27,75
3,28.9656,59,27,75
3,29.3408,58,26,76
3,29.6898,57,25,77
3,29.7845,56,24,78
3,29.8162,57,24,78
3,30.069,57,24,77
3,30.1036,57,24,76
3,30.361,56,23,77
3,30.4021,55,22,78
3,30.9014,54,21,79
3,31.071,54,22,79
3,31.2551,54,23,79
3,31.8388,55,23,79
3,32.6063,55,24,79
3,32.9457,56,24,79
3,33.0081,57,24,79
3,33.107,56,23,80
3,33.2592,56,23,79
3,33.7417,56,24,79
3,34.3209,55,23,80
3,34.5301,54,22,81
3,34.5669,53,21,82
3,34.6965,52,20,83
3,34.8227,52,21,83
3,35.1625,51,20,84
3,35.3413,50,19,85
3,35.6147,49,18,86
3,35.7626,49,19,86
3,35.8116,48,18,87
3,36.2085,47,17,88
3,37.1431,48,17,88
3,37.2602,48,18,88
3,37.2661,48,19,88
3,37.3246,48,20,88
3,37.5624,49,20,88
3,37.5756,50,20,88
3,37.6374,51,20,88
3,37.9568,52,20,88
3,38.3594,51,19,89
3,38.4643,50,18,90
3,38.8594,51,18,90
3,38.8603,52,18,90
3,38.9741,52,18,89
3,39.2807,52,19,89
3,39.4995,51,18,90
3,40.2945,50,17,91
3,40.4957,50,18,91
3,40.633,50,19,91
3,40.754,51,19,91
3,40.901,50,18,92
3,40.9954,50,18,91
3,41.0117,50,18,90
3,41.1201,50,19,90
3,41.3051,51,19,90
3,41.3122,51,20,90
3,41.4384,51,20,89
3,41.9112,50,19,90
3,42.8613,50,20,90
3,43.0231,49,19,91
3,43.2296,49,19,90
3,43.5456,49,19,89
3,43.6387,50,19,89
3,43.6963,51,19,89
3,44.0202,51,19,88
3,44.3855,52,19,88
3,45.1035,53,19,88
3,45.2255,53,20,88
3,45.2508,53,20,87
3,45.7042,52,19,88
3,45.7061,52,20,88
3,46.3037,51,19,89
3,46.3955,52,19,89
3,46.4205,52,19,88
3,46.5318,51,18,89
3,47.2759,52,18,89
3,47.2955,51,17,90
3,47.6559,52,17,90
3,48.5446,51,16,91
3,49.0074,50,15,92
3,49.1614,51,15,92
3,49.1973,51,16,92
3,49.6553,51,17,92
3,49.7585,51,17,91
3,49.8022,52,17,91
3,49.8531,53,17,91
3,49.8604,53,18,91
3,49.9612,53,19,91
3,50.2228,53,20,91
3,50.3055,53,21,91
3,50.4382,53,21,90
3,50.8662,53,22,90
3,50.9164,52,21,91
3,51.0756,53,21,91
3,51.2214,54,21,91
3,51.3265,53,20,92
3,51.5374,52,19,93
3,51.5451,53,19,93
3,51.7391,53,20,93
3,52.0709,53,20,92
3,52.0898,53,21,92
3,52.2355,54,21,92
3,52.5638,55,21,92
3,52.6427,54,20,93
3,53.1087,53,19,94
3,53.463,52,18,95
3,53.8668,52,18,94
3,53.9397,51,17,95
3,54.2127,52,17,95
3,54.2909,53,17,95
3,54.5112,54,17,95
3,54.9412,54,18,95
3,55.8481,55,18,95
3,56.092,55,18,94
3,56.6335,56,18,94
3,56.7224,55,17,95
3,56.9233,56,17,95
3,57.0163,56,17,94
3,57.2802,57,17,94
3,57.7603,58,17,94
3,57.812,58,18,94
3,57.9633,58,18,93
3,58.116,58,19,93
3,58.2654,58,20,93
3,58.2826,58,21,93
3,58.3,59,21,93
3,58.4819,58,20,94
3,58.5859,58,20,93
3,58.6857,59,20,93
3,58.9245,59,20,92
3,58.925,60,20,92
3,59.3045,60,21,92
3,59.3268,61,21,92
3,59.3311,61,22,92
3,59.5455,60,21,93
3,59.6041,60,22,93
3,59.9495,60,23,93
3,60.5183,60,24,93
3,60.8077,61,24,93
3,61.1391,61,24,92
3,61.6585,62,24,92
3,61.7991,62,25,92
3,62.2204,62,26,92
3,62.2649,63,26,92
3,62.3127,64,26,92
3,62.4186,63,25,93
3,62.5258,63,26,93
3,62.5471,62,25,94
3,62.5674,62,25,93
3,62.6968,61,24,94
3,63.0669,61,24,93
3,63.3126,60,23,94
3,63.5041,61,23,94
3,63.575,62,23,94
3,63.6371,61,22,95
3,63.8573,62,22,95
3,63.9877,62,23,95
3,64.1906,61,22,96
3,64.3054,62,22,96
3,64.5397,62,22,95
3,65.1711,62,22,94
3,65.5705,62,22,93
3,66.0193,62,22,92
3,66.0631,61,21,93
3,66.3944,62,21,93
3,66.399,62,21,92
3,66.7778,63,21,92
3,66.9619,63,22,92
3,67.0675,62,21,93
3,67.1289,61,20,94
3,67.1328,62,20,94
3,67.2992,62,21,94
3,67.6849,62,21,93
3,67.736,62,21,92
3,67.8451,63,21,92
3,67.8763,63,21,91
3,68.2287,64,21,91
3,68.3707,64,21,90
3,68.5805,63,20,91
3,68.6024,63,20,90
3,68.64,64,20,90
3,69.0243,63,19,91
3,69.1767,64,19,91
3,69.2714,64,19,90
3,69.6928,63,18,91
3,69.7248,63,18,90
3,69.8511,62,17,91
3,69.8629,62,17,90
3,69.864,61,16,91
3,70.1128,60,15,92
3,70.223,60,15,91
3,70.2659,60,15,90
3,70.6715,61,15,90
3,70.8035,61,15,89
3,70.8328,62,15,89
3,72.4539,63,15,89
3,72.5022,64,15,89
3,72.6418,64,16,89
3,72.6507,65,16,89
3,72.859,65,17,89
3,72.9986,64,16,90
3,73.4862,64,16,89
3,73.5065,63,15,90
3,74.2722,64,15,90
3,74.7693,64,16,90
3,75.1765,65,16,90
3,75.2371,65,17,90
3,75.3331,65,17,89
3,75.8615,65,18,89
3,75.9692,65,19,89
3,76.0434,66,19,89
3,76.0834,67,19,89
3,76.2877,66,18,90
3,76.3133,65,17,91
3,76.3331,64,16,92
3,76.9091,63,15,93
3,77.0936,64,15,93
3,77.7622,63,14,94
3,77.7839,63,15,94
3,77.7847,62,14,95
3,77.7905,62,14,94
3,77.8679,63,14,94
3,77.9328,63,14,93
3,78.0357,63,15,93
3,78.4637,63,15,92
3,78.7204,62,14,93
3,78.8029,62,14,92
3,79.3969,61,13,93
3,80.1883,60,12,94
3,80.4944,60,13,94
3,80.6852,60,13,93
3,80.7073,60,13,92
3,80.7855,60,14,92
3,80.9391,60,15,92
3,81.343,59,14,93
3,81.3721,59,15,93
3,81.3784,60,15,93
3,81.4098,61,15,93
3,82.207,62,15,93
3,83.0109,62,15,92
3,83.0616,63,15,92
3,83.0933,64,15,92
3,83.3788,65,15,92
3,83.6568,65,16,92
3,83.9859,64,15,93
3,84.1952,64,15,92
3,84.4242,65,15,92
3,85.151,66,15,92
3,85.4343,67,15,92
3,85.4563,67,16,92
3,86.0787,67,17,92
3,86.1437,66,16,93
3,86.2047,67,16,93
3,86.2274,66,15,94
3,86.3348,66,16,94
3,86.3594,66,17,94
3,86.4957,66,18,94
3,86.5824,67,18,94
3,86.6894,67,19,94
3,87.6697,67,20,94
3,87.7203,66,19,95
3,88.0598,65,18,96
3,88.6766,65,18,95
3,88.8057,65,18,94
3,89.0484,66,18,94
3,89.0856,67,18,94
3,89.2703,68,18,94
3,89.4214,67,17,95
3,89.8143,68,17,95
3,89.9753,68,17,94
3,90.2447,67,16,95
3,90.5579,67,16,94
3,91.0151,67,16,93
3,91.0927,67,16,92
3,91.3046,67,17,92
3,91.469,66,16,93
3,91.6278,67,16,93
3,92.1761,67,16,92
3,92.3276,66,15,93
3,92.513,67,15,93
3,92.9865,66,14,94
3,93.1641,66,15,94
3,93.1769,65,14,95
3,94.1925,66,14,95
3,94.6334,67,14,95
3,94.6927,67,15,95
3,94.8911,67,15,94
3,95.4584,67,15,93
3,95.6631,68,15,93
3,95.9592,68,16,93
3,96.5024,68,17,93
3,97.0404,67,16,94
3,97.2222,66,15,95
3,97.2609,66,15,94
3,97.4252,66,16,94
3,97.5409,66,16,93
3,98.0392,65,15,94
3,98.2846,64,14,95
3,98.3462,65,14,95
3,98.3559,64,13,96
3,98.4026,63,12,97
3,98.7746,63,13,97
3,99.4901,63,14,97
3,99.8935,64,14,97
3,100.093,64,15,97
3,100.556,64,16,97
3,100.622,63,15,98
3,100.622,62,14,99
3,100.665,62,14,98
3,100.762,62,14,97
3,101.016,62,15,97
3,101.068,62,16,97
3,101.089,61,15,98
3,101.307,61,16,98
3,101.338,62,16,98
3,102.717,62,16,97
3,102.925,63,16,97
3,102.983,63,17,97
3,103.022,63,18,97
3,103.284,62,17,98
3,103.519,61,16,99
3,103.735,62,16,99
3,104.246,61,15,100
3,104.583,62,15,100
3,104.59,61,14,101
3,104.987,61,14,100
3,105.52,61,14,99
3,105.599,60,13,100
3,105.956,59,12,101
3,105.961,59,12,100
3,106.022,59,13,100
3,106.121,60,13,100
3,106.36,60,13,99
3,106.438,61,13,99
3,106.899,61,13,98
3,107.415,62,13,98
3,107.568,61,12,99
3,107.687,61,13,99
3,107.828,61,13,98
3,107.85,62,13,98
3,108.116,62,13,97
3,108.323,63,13,97
3,108.531,62,12,98
3,108.532,62,13,98
3,109.213,62,13,97
3,109.276,63,13,97
3,109.354,63,14,97
3,109.548,62,13,98
3,109.849,63,13,98
3,109.9,63,14,98
3,110.816,63,15,98
3,111.264,63,16,98
3,111.45,63,17,98
3,111.517,62,16,99
3,111.945,61,15,100
3,111.983,61,16,100
3,112.081,61,16,99
3,112.124,61,16,98
3,112.218,61,17,98
3,112.791,60,16,99
3,112.998,59,15,100
3,114.76,60,15,100
3,114.891,60,15,99
3,114.977,60,15,98
3,114.999,60,15,97
3,115.47,59,14,98
3,116.131,58,13,99
3,116.161,58,13,98
3,116.226,59,13,98
3,116.742,59,13,97
3,116.871,60,13,97
3,116.897,60,14,97
3,116.982,59,13,98
3,117.407,58,12,99
3,117.459,58,13,99
3,117.665,58,14,99
3,117.807,58,15,99
3,118.253,59,15,99
3,118.283,60,15,99
3,118.382,60,16,99
3,118.974,60,16,98
3,119.287,59,15,99
3,119.399,59,16,99
3,119.502,58,15,100
3,119.819,58,15,99
3,119.975,58,16,99
3,120.328,57,15,100
3,120.395,58,15,100
3,120.584,59,15,100
3,120.65,59,15,99
3,120.825,58,14,100
3,121.061,58,14,99
3,121.093,58,15,99
3,121.417,57,14,100
3,121.473,57,15,100
3,121.633,56,14,101
3,121.661,57,14,101
3,122.149,57,14,100
3,122.24,58,14,100
3,122.308,59,14,100
3,122.317,58,13,101
3,122.84,58,13,100
3,123.457,59,13,100
3,124.12,58,12,101
3,124.834,58,13,101
3,125.254,59,13,101
3,126.115,58,12,102
3,126.612,58,12,101
3,126.643,58,12,100
3,126.742,58,12,99
3,127.19,59,12,99
3,127.457,59,12,98
3,127.627,60,12,98
3,128.242,60,13,98
3,128.273,59,12,99
3,128.529,59,12,98
3,128.552,59,12,97
3,128.742,59,13,97
3,128.793,60,13,97
3,129.057,60,13,96
3,129.124,60,13,95
3,129.286,60,14,95
3,129.542,60,14,94
3,129.586,60,14,93
3,129.905,60,15,93
3,130.35,59,14,94
3,130.515,59,14,93
3,130.995,60,14,93
3,131.264,60,15,93
3,131.295,61,15,93
3,131.486,60,14,94
3,131.621,60,14,93
3,131.845,60,15,93
3,131.979,60,15,92
3,132.049,59,14,93
3,132.73,60,14,93
3,133.558,60,15,93
3,133.918,60,16,93
3,134.417,59,15,94
3,134.589,60,15,94
3,134.599,60,16,94
3,134.617,59,15,95
3,136.433,59,15,94
3,136.489,59,16,94
3,136.516,59,17,94
3,136.618,60,17,94
3,136.835,59,16,95
3,137.069,58,15,96
3,137.088,58,16,96
3,137.135,58,16,95
3,137.163,59,16,95
3,137.321,58,15,96
3,137.522,57,14,97
3,137.967,58,14,97
3,138.1,59,14,97
3,138.678,60,14,97
3,138.71,61,14,97
3,138.873,61,15,97
3,139.113,60,14,98
3,139.729,61,14,98
3,139.779,61,15,98
3,140.908,60,14,99
3,141.204,60,14,98
3,141.302,60,15,98
3,142.458,60,16,98
3,142.46,60,16,97
3,142.5,59,15,98
3,143.547,59,15,97
3,143.609,59,16,97
3,143.73,58,15,98
3,143.827,58,16,98
3,144.013,58,16,97
3,144.375,57,15,98
3,144.378,58,15,98
3,144.819,59,15,98
3,144.9,59,15,97
3,144.908,60,15,97
3,144.937,60,16,97
3,145.153,60,16,96
3,145.488,60,17,96
3,145.71,60,18,96
3,146.03,60,18,95
3,146.044,61,18,95
3,146.147,61,19,95
3,146.166,62,19,95
3,146.52,62,20,95
3,146.524,62,21,95
3,146.747,61,20,96
3,146.995,61,20,95
3,147.083,60,19,96
3,147.257,60,19,95
3,147.527,59,18,96
3,147.82,59,18,95
3,147.912,59,18,94
3,148.017,60,18,94
3,148.057,60,19,94
3,148.853,60,19,93
3,149.158,59,18,94
3,149.721,59,19,94
3,149.878,59,20,94
3,149.892,59,20,93
3,150.452,59,21,93
3,150.529,59,21,92
3,150.699,59,22,92
3,150.785,58,21,93
3,150.974,58,22,93
3,151.525,58,23,93
3,151.738,58,24,93
3,151.739,57,23,94
3,152.13,56,22,95
3,152.263,56,23,95
3,152.934,56,23,94
3,152.947,57,23,94
3,153.676,57,24,94
3,153.687,58,24,94
3,153.806,58,25,94
3,154.438,57,24,95
3,154.516,57,25,95
3,154.563,57,26,95
3,154.79,58,26,95
3,154.812,57,25,96
3,154.972,57,26,96
3,155.157,57,27,96
3,155.375,57,27,95
3,155.625,57,28,95
3,155.745,58,28,95
3,155.941,59,28,95
3,156.136,58,27,96
3,156.373,57,26,97
3,156.382,58,26,97
3,156.446,57,25,98
3,156.514,57,25,97
3,156.61,58,25,97
3,156.617,58,25,96
3,156.668,57,24,97
3,156.834,57,24,96
3,156.894,57,25,96
3,157.084,57,26,96
3,157.196,56,25,97
3,157.324,55,24,98
3,157.389,55,25,98
3,157.566,54,24,99
3,158.347,53,23,100
3,158.608,52,22,101
3,158.73,52,23,101
3,158.765,51,22,102
3,158.977,51,22,101
3,159.051,50,21,102
3,159.379,51,21,102
3,159.816,51,22,102
3,159.844,51,22,101
3,160.194,51,22,100
3,160.534,51,23,100
3,160.826,51,24,100
3,161.073,52,24,100
3,161.42,52,24,99
3,161.446,52,24,98
3,161.488,52,25,98
3,161.488,53,25,98
3,161.904,52,24,99
3,162.229,53,24,99
3,162.233,54,24,99
3,162.383,54,24,98
3,162.684,55,24,98
3,162.815,54,23,99
3,163.819,54,23,98
3,163.829,55,23,98
3,163.853,55,24,98
3,164.05,55,25,98
3,164.202,56,25,98
3,164.789,56,26,98
3,164.951,56,26,97
3,165.101,56,26,96
3,165.576,55,25,97
3,165.742,55,25,96
3,166.172,55,25,95
3,166.179,55,26,95
3,166.19,55,27,95
3,166.451,56,27,95
3,166.461,56,28,95
3,166.654,55,27,96
3,166.76,55,28,96
3,166.905,55,28,95
3,166.989,55,28,94
3,167.11,55,29,94
3,167.125,55,29,93
3,167.163,55,29,92
3,167.37,55,30,92
3,167.506,54,29,93
3,167.965,55,29,93
3,168.195,54,28,94
3,168.377,54,28,93
3,168.493,54,29,93
3,168.538,54,30,93
3,168.626,53,29,94
3,168.921,52,28,95
3,168.966,52,29,95
3,169.114,52,30,95
3,169.177,53,30,95
3,169.26,52,29,96
3,169.735,52,29,95
3,169.786,51,28,96
3,170.018,52,28,96
3,170.041,52,28,95
3,170.763,51,27,96
3,171.356,51,28,96
3,171.876,52,28,96
3,172.417,51,27,97
3,172.89,50,26,98
3,173.719,51,26,98
3,174.179,50,25,99
3,174.291,49,24,100
3,174.309,48,23,101
3,174.427,47,22,102
3,174.599,48,22,102
3,174.623,47,21,103
3,174.744,46,20,104
3,174.814,46,20,103
3,175.907,46,20,102
3,175.941,47,20,102
3,176.276,47,20,101
3,176.405,47,20,100
3,176.433,47,21,100
3,177.154,46,20,101
3,177.241,47,20,101
3,177.448,47,20,100
3,177.469,48,20,100
3,177.745,48,20,99
3,178.484,48,21,99
3,178.821,49,21,99
3,179.181,50,21,99
3,179.506,49,20,100
3,179.562,48,19,101
3,179.596,48,19,100
3,179.645,48,19,99
3,180.328,48,19,98
3,180.458,47,18,99
3,180.539,47,19,99
3,180.691,47,19,98
3,181.098,47,20,98
3,181.207,47,20,97
3,181.501,46,19,98
3,181.537,45,18,99
3,181.661,44,17,100
3,181.766,43,16,101
3,182.228,44,16,101
3,182.8,43,15,102
3,182.945,44,15,102
3,183.105,43,14,103
3,183.24,44,14,103
3,183.439,43,13,104
3,183.937,43,13,103
3,184.078,43,13,102
3,184.103,44,13,102
3,184.268,44,14,102
3,184.585,44,14,101
3,184.825,44,14,100
3,185.137,44,15,100
3,185.322,43,14,101
3,185.458,44,14,101
3,185.701,44,14,100
3,185.878,45,14,100
3,185.892,45,14,99
3,186.036,45,15,99
3,186.057,45,16,99
3,186.103,45,17,99
3,186.398,45,17,98
3,186.478,45,17,97
3,186.487,46,17,97
3,186.487,46,17,96
3,187.554,47,17,96
3,188.286,47,18,96
3,188.408,46,17,97
3,188.574,47,17,97
3,190.673,48,17,97
3,190.965,48,18,97
3,191.707,48,18,96
3,191.75,49,18,96
3,192.186,50,18,96
3,192.208,49,17,97
3,192.804,50,17,97
3,192.848,50,18,97
3,193.11,49,17,98
3,193.446,50,17,98
3,193.597,50,18,98
3,193.969,51,18,98
3,194.045,50,17,99
3,194.902,50,18,99
3,195.648,50,18,98
3,195.863,50,18,97
3,196.314,50,18,96
3,196.399,49,17,97
3,196.559,50,17,97
3,197.157,51,17,97
3,197.171,51,17,96
3,197.768,50,16,97
3,197.981,50,17,97
3,198.295,50,17,96
3,198.674,51,17,96
3,199.139,51,17,95
3,199.379,51,17,94
3,199.708,51,17,93
3,200.178,51,17,92
4,0.0273048,119,79,2
4,0.0675192,118,78,3
4,0.0762252,117,77,4
4,0.136719,116,76,5
4,0.180048,117,76,5
4,0.182935,116,75,6
4,0.222742,115,74,7
4,1.10162,114,73,8
4,1.15261,113,72,9
4,1.22715,112,71,10
4,1.34664,113,71,10
4,1.47932,112,70,11
4,1.51375,113,70,11
4,1.55512,112,69,12
4,1.71106,111,68,13
4,1.80746,112,68,13
4,1.87152,113,68,13
4,1.95361,112,67,14
4,2.09922,111,66,15
4,2.29669,111,67,15
4,2.32107,110,66,16
4,2.37807,111,66,16
4,2.51719,110,65,17
4,2.54455,109,64,18
4,2.57888,108,63,19
4,2.60007,107,62,20
4,2.72184,106,61,21
4,2.82603,106,62,21
4,3.08305,105,61,22
4,3.12923,104,60,23
4,3.21147,103,59,24
4,3.4205,104,59,24
4,3.4526,105,59,24
4,3.48759,104,58,25
4,3.71634,103,57,26
4,3.73016,102,56,27
4,3.74633,101,55,28
4,3.77488,100,54,29
4,4.04554,101,54,29
4,4.17905,100,53,30
4,4.21076,99,52,31
4,4.35168,98,51,32
4,4.50551,98,52,32
4,4.67203,97,51,33
4,4.7779,97,52,33
4,4.78929,96,51,34
4,5.38498,95,50,35
4,5.39559,94,49,36
4,5.463,93,48,37
4,5.47436,93,49,37
4,5.52039,92,48,38
4,5.77012,91,47,39
4,5.89013,90,46,40
4,6.15347,90,47,40
4,6.18592,90,48,40
4,6.29429,89,47,41
4,6.30707,89,47,40
4,6.94612,88,46,41
4,7.03597,89,46,41
4,7.28468,88,45,42
4,7.31961,88,46,42
4,7.79114,89,46,42
4,8.26295,88,45,43
4,8.31506,88,46,43
4,8.53788,87,45,44
4,8.63301,86,44,45
4,8.74833,85,43,46
4,9.08177,84,42,47
4,9.08654,83,41,48
4,9.22503,82,40,49
4,9.4332,82,41,49
4,9.53442,82,42,49
4,9.80481,81,41,50
4,9.81229,81,41,49
4,9.85904,81,42,49
4,10.3275,81,42,48
4,10.8787,82,42,48
4,10.9052,81,41,49
4,11.1192,80,40,50
4,11.3498,79,39,51
4,11.4351,78,38,52
4,11.6426,77,37,53
4,11.838,76,36,54
4,11.9699,75,35,55
4,12.0079,75,35,54
4,12.1545,74,34,55
4,13.323,75,34,55
4,13.4169,76,34,55
4,13.5138,75,33,56
4,13.6645,76,33,56
4,14.2448,75,32,57
4,14.3935,74,31,58
4,15.3914,73,30,59
4,15.6462,74,30,59
4,15.683,75,30,59
4,15.6905,76,30,59
4,15.7613,76,31,59
4,16.1943,76,31,58
4,16.2853,76,32,58
4,16.3541,75,31,59
4,16.613,74,30,60
4,16.8691,75,30,60
4,16.9388,74,29,61
4,17.1362,74,30,61
4,17.9146,74,30,60
4,17.9157,74,31,60
4,17.9241,74,32,60
4,17.9989,73,31,61
4,18.1671,72,30,62
4,18.3192,72,30,61
4,18.6583,71,29,62
4,18.6953,70,28,63
4,18.9329,70,29,63
4,18.9411,69,28,64
4,19.483,68,27,65
4,19.5229,67,26,66
4,19.6649,67,26,65
4,20.1931,66,25,66
4,20.2969,65,24,67
4,20.6406,66,24,67
4,20.9799,66,24,66
4,21.4406,67,24,66
4,21.646,68,24,66
4,21.7636,68,24,65
4,21.7685,69,24,65
4,21.8566,68,23,66
4,22.1572,69,23,66
4,22.2805,69,24,66
4,22.6059,69,24,65
4,23.3655,70,24,65
4,23.4103,70,25,65
4,23.521,71,25,65
4,23.6078,72,25,65
4,23.9315,72,26,65
4,24.1371,72,27,65
4,24.5243,71,26,66
4,24.5375,71,26,65
4,24.6273,71,27,65
4,24.6867,70,26,66
4,24.7419,70,27,66
4,25.1317,70,27,65
4,25.3804,70,27,64
4,25.5817,70,27,63
4,25.7067,69,26,64
4,26.2603,69,27,64
4,26.3454,68,26,65
4,26.5523,67,25,66
4,26.7458,67,25,65
4,26.8225,67,26,65
4,27.179,66,25,66
4,27.1792,66,25,65
4,27.2104,66,26,65
4,27.2784,66,27,65
4,27.4394,66,28,65
4,27.5048,65,27,66
4,27.6916,65,27,65
4,27.8649,65,28,65
4,27.8693,64,27,66
4,28.1563,65,27,66
4,28.2141,65,27,65
4,28.4154,66,27,65
4,28.6291,65,26,66
4,28.6907,64,25,67
4,28.947,63,24,68
4,29.089,63,24,67
4,29.1838,64,24,67
4,29.2145,64,25,67
4,29.3032,65,25,67
4,29.7494,66,25,67
4,29.8385,65,24,68
4,29.9942,65,25,68
4,30.1802,64,24,69
4,30.5301,64,25,69
4,30.7481,64,25,68
4,31.4198,64,26,68
4,31.4507,64,26,67
4,31.538,64,27,67
4,31.5866,65,27,67
4,31.8816,65,27,66
4,32.7317,65,28,66
4,32.7328,66,28,66
4,32.9131,66,29,66
4,32.9447,65,28,67
4,33.062,64,27,68
4,33.1901,64,27,67
4,33.3626,65,27,67
4,33.4649,64,26,68
4,33.7116,65,26,68
4,33.7865,65,27,68
4,33.9654,66,27,68
4,34.2718,66,28,68
4,34.6441,66,29,68
4,34.9274,66,29,67
4,34.9909,67,29,67
4,35.0739,66,28,68
4,35.1083,66,28,67
4,35.1667,65,27,68
4,35.3268,64,26,69
4,35.6982,64,26,68
4,36.0285,63,25,69
4,36.2902,63,26,69
4,36.6215,63,27,69
4,37.2341,62,26,70
4,37.5098,62,26,69
4,38.0078,62,27,69
4,38.3673,62,28,69
4,38.4119,61,27,70
4,38.4997,61,28,70
4,38.6821,60,27,71
4,39.0908,59,26,72
4,39.5139,58,25,73
4,39.5539,58,25,72
4,39.7225,59,25,72
4,39.7361,59,26,72
4,39.8889,58,25,73
4,39.9061,59,25,73
4,40.008,58,24,74
4,40.1608,58,24,73
4,40.5716,59,24,73
4,40.9884,59,24,72
4,41.1582,59,25,72
4,41.1923,60,25,72
4,41.7329,59,24,73
4,41.7334,59,25,73
4,41.957,58,24,74
4,42.351,58,25,74
4,42.6417,58,26,74
4,42.7381,58,27,74
4,42.8184,58,27,73
4,43.3894,58,28,73
4,43.4169,59,28,73
4,43.5232,60,28,73
4,43.613,61,28,73
4,44.3045,61,28,72
4,44.366,60,27,73
4,44.5447,60,27,72
4,44.5849,60,28,72
4,44.6389,60,28,71
4,44.6751,59,27,72
4,44.8776,58,26,73
4,45.2721,59,26,73
4,45.811,59,27,73
4,46.4853,60,27,73
4,46.5894,59,26,74
4,46.629,59,27,74
4,46.8679,58,26,75
4,46.935,59,26,75
4,46.9485,59,26,74
4,47.1451,58,25,75
4,47.2529,58,25,74
4,47.2566,57,24,75
4,47.5448,57,25,75
4,48.3062,58,25,75
4,48.4754,59,25,75
4,48.8193,60,25,75
4,48.8478,60,25,74
4,48.8912,59,24,75
4,49.1686,60,24,75
4,49.2138,60,24,74
4,49.2842,60,24,73
4,49.6186,61,24,73
4,49.8701,61,24,72
4,49.8754,62,24,72
4,50.3237,63,24,72
4,50.3558,63,25,72
4,50.6286,63,26,72
4,50.8151,64,26,72
4,50.962,63,25,73
4,50.9871,62,24,74
4,51.089,62,25,74
4,51.1377,62,26,74
4,52.506,62,27,74
4,52.8482,61,26,75
4,53.0441,61,26,74
4,53.251,60,25,75
4,53.3597,59,24,76
4,53.7847,59,25,76
4,53.8323,59,25,75
4,53.8744,58,24,76
4,54.289,58,25,76
4,54.3281,57,24,77
4,54.678,57,24,76
4,55.1642,57,25,76
4,55.2917,57,25,75
4,55.8174,56,24,76
4,56.3933,56,24,75
4,56.5357,55,23,76
4,57.465,55,24,76
4,57.9142,54,23,77
4,58.3371,53,22,78
4,58.3378,54,22,78
4,58.4725,55,22,78
4,58.5395,55,23,78
4,58.6382,55,24,78
4,59.9705,56,24,78
4,60.0906,55,23,79
4,60.6209,54,22,80
4,60.6986,53,21,81
4,60.8967,52,20,82
4,61.0237,51,19,83
4,61.3473,52,19,83
4,61.4023,52,20,83
4,61.4431,52,21,83
4,61.481,51,20,84
4,61.7454,52,20,84
4,61.9333,53,20,84
4,62.3476,53,20,83
4,62.4946,53,20,82
4,63.0929,53,21,82
4,63.0997,53,22,82
4,63.2442,53,23,82
4,63.3381,54,23,82
4,63.6028,55,23,82
4,63.9104,54,22,83
4,64.2779,53,21,84
4,64.5209,53,22,84
4,64.532,53,23,84
4,64.5466,53,24,84
4,64.7232,53,24,83
4,65.3241,53,24,82
4,65.5249,53,25,82
4,65.7574,54,25,82
4,66.6363,53,24,83
4,67.064,54,24,83
4,67.546,53,23,84
4,67.5595,54,23,84
4,67.5597,54,24,84
4,67.8509,53,23,85
4,68.4335,52,22,86
4,68.5954,52,23,86
4,68.6996,52,23,85
4,68.9715,53,23,85
4,69.1292,53,24,85
4,69.1869,52,23,86
4,69.2973,52,24,86
4,69.3179,52,25,86
4,69.3376,52,25,85
4,69.907,52,26,85
4,69.9332,51,25,86
4,70.0281,51,26,86
4,70.0946,52,26,86
4,70.1026,53,26,86
4,70.471,53,27,86
4,71.5617,52,26,87
4,71.6003,52,26,86
4,71.9393,52,27,86
4,72.1774,51,26,87
4,72.3176,52,26,87
4,72.5806,51,25,88
4,72.633,50,24,89
4,72.654,50,24,88
4,73.0001,49,23,89
4,73.36,49,23,88
4,73.3627,50,23,88
4,73.4758,50,23,87
4,73.4777,50,24,87
4,73.5519,51,24,87
4,73.69,51,24,86
4,73.8619,51,24,85
4,74.8028,51,24,84
4,74.8045,51,24,83
4,75.0414,52,24,83
4,75.2808,51,23,84
4,75.3371,52,23,84
4,75.4632,52,24,84
4,75.5879,52,24,83
4,75.8637,53,24,83
4,75.9893,52,23,84
4,76.0713,51,22,85
4,76.2027,51,22,84
4,76.3931,51,22,83
4,76.4835,51,23,83
4,76.548,51,24,83
4,76.7506,50,23,84
4,76.8944,51,23,84
4,77.2923,50,22,85
4,77.3447,50,23,85
4,78.0676,49,22,86
4,78.5814,50,22,86
4,78.7746,51,22,86
4,78.9579,51,22,85
4,78.9718,50,21,86
4,79.307,49,20,87
4,79.7625,50,20,87
4,79.8894,50,21,87
4,80.025,50,21,86
4,80.8332,49,20,87
4,81.7451,49,20,86
4,81.9529,50,20,86
4,82.1728,51,20,86
4,82.3379,50,19,87
4,83.0211,50,20,87
4,83.1975,50,21,87
4,83.3653,50,22,87
4,83.556,50,23,87
4,83.6755,50,24,87
4,84.6515,49,23,88
4,84.7183,49,23,87
4,84.8593,48,22,88
4,84.9093,49,22,88
4,85.599,50,22,88
4,85.6519,51,22,88
4,85.8852,51,23,88
4,85.9188,50,22,89
4,86.2446,51,22,89
4,86.4007,50,21,90
4,86.4256,49,20,91
4,86.4789,49,20,90
4,86.9341,48,19,91
4,87.373,48,20,91
4,87.491,47,19,92
4,87.4977,47,19,91
4,87.9707,46,18,92
4,88.5013,46,18,91
4,88.7168,47,18,91
4,89.5266,48,18,91
4,90.0609,49,18,91
4,90.4206,49,19,91
4,90.428,49,20,91
4,90.4943,49,21,91
4,90.6052,49,22,91
4,90.6265,48,21,92
4,90.7455,49,21,92
4,91.0921,48,20,93
4,91.1435,47,19,94
4,91.2623,48,19,94
4,91.5944,49,19,94
4,91.6197,48,18,95
4,91.6844,48,19,95
4,91.9972,49,19,95
4,92.1603,50,19,95
4,93.2406,49,18,96
4,93.3063,50,18,96
4,93.9788,50,18,95
4,94.0968,50,18,94
4,94.1153,50,19,94
4,94.1472,51,19,94
4,94.1758,50,18,95
4,95.1808,50,18,94
4,95.2114,49,17,95
4,95.4794,49,18,95
4,95.6176,48,17,96
4,95.8221,49,17,96
4,96.0362,50,17,96
4,96.1564,49,16,97
4,96.2739,49,16,96
4,96.3149,48,15,97
4,96.4814,49,15,97
4,96.5209,49,16,97
4,96.6688,49,16,96
4,96.7866,49,17,96
4,97.2025,48,16,97
4,97.6281,48,17,97
4,97.6465,47,16,98
4,97.6973,47,17,98
4,97.7362,47,17,97
4,97.8615,47,18,97
4,97.8788,46,17,98
4,97.9933,46,18,98
4,98.3345,46,19,98
4,98.5782,45,18,99
4,98.6647,44,17,100
4,98.7025,44,18,100
4,99.306,44,18,99
4,99.7783,44,18,98
4,100.184,45,18,98
4,100.291,45,19,98
4,100.862,45,19,97
4,100.943,45,20,97
4,101.05,44,19,98
4,101.484,43,18,99
4,101.489,43,18,98
4,101.786,43,18,97
4,101.875,44,18,97
4,101.965,43,17,98
4,102.048,43,18,98
4,102.169,44,18,98
4,102.555,45,18,98
4,102.79,45,18,97
4,102.84,44,17,98
4,103.108,45,17,98
4,103.235,45,17,97
4,103.302,45,17,96
4,103.356,45,18,96
4,103.54,45,18,95
4,103.579,45,18,94
4,103.689,45,19,94
4,103.783,44,18,95
4,104.376,45,18,95
4,104.921,45,18,94
4,104.94,46,18,94
4,104.99,46,18,93
4,105.034,45,17,94
4,105.867,44,16,95
4,105.95,45,16,95
4,106.136,46,16,95
4,106.939,46,17,95
4,107.091,46,18,95
4,107.298,46,19,95
4,107.792,45,18,96
4,108.007,45,18,95
4,108.203,44,17,96
4,108.637,45,17,96
4,109.175,45,17,95
4,109.359,44,16,96
4,109.534,44,16,95
4,109.539,45,16,95
4,109.965,44,15,96
4,110.202,44,16,96
4,110.679,45,16,96
4,110.86,46,16,96
4,111.008,46,17,96
4,111.099,46,17,95
4,111.104,46,17,94
4,111.244,46,17,93
4,111.385,46,17,92
4,111.624,46,18,92
4,111.759,46,18,91
4,112.239,45,17,92
4,113.005,45,17,91
4,113.015,44,16,92
4,113.256,45,16,92
4,113.266,44,15,93
4,113.734,44,16,93
4,113.849,44,16,92
4,113.913,45,16,92
4,113.974,45,16,91
4,114.498,45,17,91
4,114.578,46,17,91
4,114.591,46,18,91
4,114.787,46,19,91
4,115.119,47,19,91
4,115.615,48,19,91
4,115.804,49,19,91
4,116.092,49,19,90
4,116.119,48,18,91
4,116.166,49,18,91
4,116.365,48,17,92
4,116.633,48,18,92
4,116.717,48,19,92
4,116.791,47,18,93
4,117.176,47,19,93
4,117.857,48,19,93
4,117.864,48,19,92
4,118.069,48,19,91
4,118.151,47,18,92
4,118.206,47,19,92
4,119.242,48,19,92
4,119.541,47,18,93
4,119.703,47,19,93
4,119.74,47,19,92
4,119.817,46,18,93
4,120.075,45,17,94
4,120.258,46,17,94
4,120.884,47,17,94
4,121.094,47,17,93
4,121.147,47,18,93
4,121.152,48,18,93
4,121.56,48,18,92
4,121.766,49,18,92
4,122.511,49,19,92
4,122.6,49,20,92
4,122.69,49,21,92
4,123.042,49,21,91
4,123.23,49,22,91
4,123.508,50,22,91
4,123.758,51,22,91
4,124.033,51,23,91
4,124.101,51,23,90
4,124.268,51,24,90
4,124.456,51,24,89
4,124.56,52,24,89
4,124.593,51,23,90
4,124.687,51,23,89
4,124.857,52,23,89
4,124.952,52,24,89
4,125.049,53,24,89
4,125.241,54,24,89
4,125.341,53,23,90
4,125.949,53,24,90
4,126.517,54,24,90
4,126.65,53,23,91
4,126.701,52,22,92
4,127.423,51,21,93
4,128.21,51,21,92
4,128.337,50,20,93
4,128.778,50,20,92
4,129.132,50,20,91
4,129.178,49,19,92
4,129.713,48,18,93
4,129.834,48,19,93
4,130.103,49,19,93
4,130.405,49,20,93
4,130.51,49,21,93
4,130.639,50,21,93
4,130.958,49,20,94
4,131.113,50,20,94
4,131.592,50,21,94
4,131.724,50,22,94
4,131.732,49,21,95
4,132.123,50,21,95
4,132.731,50,21,94
4,132.985,51,21,94
4,133.028,50,20,95
4,133.186,50,21,95
4,133.505,49,20,96
4,133.594,50,20,96
4,133.628,50,20,95
4,133.651,50,20,94
4,134.036,49,19,95
4,134.077,49,20,95
4,134.414,49,21,95
4,134.956,48,20,96
4,135.56,47,19,97
4,135.732,46,18,98
4,135.796,45,17,99
4,136.31,45,17,98
4,136.548,45,18,98
4,136.708,46,18,98
4,136.81,46,18,97
4,136.9,45,17,98
4,137.272,45,17,97
4,137.679,44,16,98
4,138.038,43,15,99
4,138.357,43,15,98
4,138.891,43,15,97
4,139.433,42,14,98
4,140.037,42,14,97
4,140.04,42,15,97
4,140.186,42,15,96
4,140.253,42,15,95
4,140.293,41,14,96
4,140.422,41,15,96
4,140.916,42,15,96
4,141.03,43,15,96
4,141.145,43,15,95
4,141.146,44,15,95
4,141.479,43,14,96
4,142.158,44,14,96
4,142.571,43,13,97
4,142.959,42,12,98
4,143.096,42,12,97
4,143.239,42,13,97
4,143.404,43,13,97
4,143.784,43,14,97
4,143.786,43,15,97
4,144.853,43,16,97
4,145.25,42,15,98
4,145.521,41,14,99
4,146.088,41,14,98
4,146.914,41,14,97
4,147.208,41,15,97
4,147.225,41,15,96
4,147.267,42,15,96
4,147.396,42,15,95
4,148.007,43,15,95
4,148.274,42,14,96
4,148.279,42,14,95
4,148.344,42,15,95
4,148.346,43,15,95
4,148.366,44,15,95
4,148.429,45,15,95
4,148.826,45,16,95
4,148.979,46,16,95
4,148.988,47,16,95
4,149.409,47,16,94
4,149.618,47,16,93
4,149.626,47,16,92
4,152.08,47,17,92
4,152.261,47,17,91
4,152.415,48,17,91
4,152.437,49,17,91
4,152.802,50,17,91
4,152.885,50,17,90
4,153,51,17,90
4,153.211,51,17,89
4,153.237,50,16,90
4,153.348,51,16,90
4,153.388,52,16,90
4,153.813,52,17,90
4,153.834,52,18,90
4,154.027,51,17,91
4,154.865,51,18,91
4,155.114,51,19,91
4,155.276,51,20,91
4,155.28,50,19,92
4,156.248,49,18,93
4,156.549,50,18,93
4,156.836,51,18,93
4,157.01,51,18,92
4,157.175,51,19,92
4,157.289,51,19,91
4,159.15,52,19,91
4,159.381,52,20,91
4,159.462,52,20,90
4,159.977,51,19,91
4,160.088,50,18,92
4,160.566,50,19,92
4,160.835,49,18,93
4,161.37,49,18,92
4,161.427,49,19,92
4,161.877,50,19,92
4,162.036,51,19,92
4,162.158,51,20,92
4,162.163,51,20,91
4,162.675,51,20,90
4,163.085,51,20,89
4,163.105,51,20,88
4,163.124,50,19,89
4,163.124,50,19,88
4,163.825,49,18,89
4,163.826,49,18,88
4,164.023,50,18,88
4,164.138,50,19,88
4,164.405,51,19,88
4,164.651,51,19,87
4,164.654,51,20,87
4,165.167,50,19,88
4,165.91,50,19,87
4,165.966,51,19,87
4,166.159,50,18,88
4,166.313,51,18,88
4,166.364,50,17,89
4,166.68,50,18,89
4,166.978,50,19,89
4,167.128,50,19,88
4,167.291,51,19,88
4,167.894,51,19,87
4,168.017,51,20,87
4,168.206,52,20,87
4,168.421,52,20,86
4,170.045,52,21,86
4,170.51,53,21,86
4,171.188,53,22,86
4,171.208,53,23,86
4,171.375,53,23,85
4,171.376,53,24,85
4,171.399,52,23,86
4,171.405,51,22,87
4,171.597,50,21,88
4,171.685,50,21,87
4,171.927,49,20,88
4,172.377,50,20,88
4,172.613,49,19,89
4,173.001,49,20,89
4,173.272,48,19,90
4,173.547,49,19,90
4,173.744,48,18,91
4,174.057,49,18,91
4,174.347,49,18,90
4,174.378,50,18,90
4,175.765,50,18,89
4,175.888,50,18,88
4,176.097,49,17,89
4,176.215,49,17,88
4,176.304,49,17,87
4,176.477,48,16,88
4,176.503,49,16,88
4,176.722,50,16,88
4,176.9,50,16,87
4,177.206,51,16,87
4,177.788,52,16,87
4,178.116,53,16,87
4,178.131,54,16,87
4,178.438,54,16,86
4,178.652,54,16,85
4,179.218,54,17,85
4,179.588,54,18,85
4,179.851,54,19,85
4,179.97,55,19,85
4,180.374,54,18,86
4,181.119,54,19,86
4,181.666,54,20,86
4,181.747,53,19,87
4,182.142,53,19,86
4,182.225,54,19,86
4,182.263,54,19,85
4,182.325,54,20,85
4,182.362,54,21,85
4,182.716,53,20,86
4,182.719,54,20,86
4,183.323,54,21,86
4,183.748,54,22,86
4,183.793,54,23,86
4,184.34,53,22,87
4,185.246,53,22,86
4,185.439,53,22,85
4,185.973,53,23,85
4,186.048,52,22,86
4,186.179,52,23,86
4,186.25,52,23,85
4,186.265,52,24,85
4,186.354,51,23,86
4,186.51,52,23,86
4,187.299,51,22,87
4,187.346,51,23,87
4,188.208,52,23,87
4,188.797,53,23,87
4,189.554,52,22,88
4,190.527,51,21,89
4,190.634,52,21,89
4,190.874,51,20,90
4,191.003,51,20,89
4,191.423,51,21,89
4,191.58,51,22,89
4,191.803,50,21,90
4,191.885,51,21,90
4,191.953,51,22,90
4,192.091,51,23,90
4,192.19,51,23,89
4,192.543,50,22,90
4,192.593,50,22,89
4,193.37,50,23,89
4,193.577,50,24,89
4,194.168,50,25,89
4,194.248,50,26,89
4,194.326,50,27,89
4,194.444,51,27,89
4,194.775,50,26,90
4,195.118,49,25,91
4,195.248,48,24,92
4,195.592,48,24,91
4,195.963,48,24,90
4,196.178,48,24,89
4,196.617,49,24,89
4,196.712,49,25,89
4,197.039,50,25,89
4,198.347,51,25,89
4,198.49,51,26,89
4,198.81,51,27,89
4,199.35,52,27,89
4,199.513,51,26,90
4,199.531,51,27,90
4,199.598,52,27,90
4,199.817,51,26,91
4,199.853,50,25,92
4,199.895,49,24,93
4,200.168,50,24,93
5,0.027013,119,79,2
5,0.0451645,120,79,2
5,0.306267,119,78,3
5,0.450074,118,77,4
5,0.551196,117,76,5
5,0.570125,116,75,6
5,0.573055,116,76,6
5,0.585754,115,75,7
5,0.708392,114,74,8
5,0.759986,115,74,8
5,0.78242,114,73,9
5,1.12789,113,72,10
5,1.20279,112,71,11
5,1.31788,113,71,11
5,1.48208,112,70,12
5,1.86925,113,70,12
5,2.06042,112,69,13
5,2.13164,111,68,14
5,2.16964,110,67,15
5,2.62705,109,66,16
5,2.94444,108,65,17
5,3.06224,108,66,17
5,3.11211,109,66,17
5,3.14685,108,65,18
5,3.32444,107,64,19
5,3.34212,106,63,20
5,3.37565,105,62,21
5,3.40017,104,61,22
5,3.5452,103,60,23
5,3.62025,104,60,23
5,3.72618,103,59,24
5,3.74317,102,58,25
5,3.77503,101,57,26
5,3.82374,100,56,27
5,3.91719,99,55,28
5,4.25163,98,54,29
5,4.35168,97,53,30
5,4.50059,96,52,31
5,4.53726,95,51,32
5,4.65667,94,50,33
5,4.67462,93,49,34
5,4.69862,92,48,35
5,5.00836,91,47,36
5,5.08131,90,46,37
5,5.44387,91,46,37
5,5.81858,91,47,37
5,6.07298,91,47,36
5,6.16139,92,47,36
5,6.33673,91,46,37
5,6.56656,90,45,38
5,6.62181,90,46,38
5,6.73175,89,45,39
5,7.46308,89,46,39
5,7.7177,89,46,38
5,7.81925,88,45,39
5,7.86518,88,46,39
5,7.91219,87,45,40
5,7.95563,86,44,41
5,8.23962,85,43,42
5,8.56856,84,42,43
5,8.67887,83,41,44
5,8.94756,83,42,44
5,9.31521,83,43,44
5,9.32716,84,43,44
5,9.34881,83,42,45
5,9.42084,82,41,46
5,9.52276,82,42,46
5,9.63636,82,43,46
5,9.74741,82,44,46
5,9.74997,83,44,46
5,9.76089,82,43,47
5,9.84269,83,43,47
5,9.93183,84,43,47
5,10.0667,83,42,48
5,10.6107,82,41,49
5,10.8826,83,41,49
5,10.9683,82,40,50
5,11.0095,81,39,51
5,11.0738,81,40,51
5,11.0748,80,39,52
5,11.0761,79,38,53
5,11.4239,78,37,54
5,11.7921,78,37,53
5,11.8989,78,37,52
5,12.1708,79,37,52
5,12.3279,80,37,52
5,12.3334,80,37,51
5,12.752,79,36,52
5,12.8354,78,35,53
5,13.0125,78,35,52
5,13.0603,77,34,53
5,13.1,76,33,54
5,13.1442,75,32,55
5,13.3449,76,32,55
5,13.5644,77,32,55
5,13.5842,76,31,56
5,13.6941,76,31,55
5,13.8205,75,30,56
5,13.9826,75,31,56
5,14.303,75,31,55
5,14.3466,75,32,55
5,14.3708,75,33,55
5,14.5161,76,33,55
5,14.6737,76,34,55
5,14.7958,75,33,56
5,14.8442,75,33,55
5,15.0527,75,34,55
5,15.4683,74,33,56
5,15.4758,75,33,56
5,15.8437,76,33,56
5,16.0525,76,33,55
5,16.0568,76,34,55
5,16.0609,75,33,56
5,16.2887,75,33,55
5,16.4542,76,33,55
5,16.7877,76,34,55
5,17.0164,75,33,56
5,17.1983,74,32,57
5,17.4902,74,32,56
5,18.0873,74,32,55
5,18.3291,73,31,56
5,18.5051,74,31,56
5,18.602,74,32,56
5,18.7753,75,32,56
5,18.9842,75,32,55
5,20.0531,74,31,56
5,20.0637,73,30,57
5,20.1433,73,30,56
5,20.1606,73,31,56
5,20.2556,73,31,55
5,20.2805,72,30,56
5,20.489,71,29,57
5,20.8404,72,29,57
5,20.933,72,30,57
5,20.9538,71,29,58
5,21.1225,71,30,58
5,21.3217,70,29,59
5,21.3695,71,29,59
5,21.5817,70,28,60
5,21.9397,69,27,61
5,22.0383,68,26,62
5,22.2312,68,26,61
5,22.5313,67,25,62
5,22.6313,68,25,62
5,22.7685,69,25,62
5,23.0573,70,25,62
5,23.1984,69,24,63
5,23.2457,68,23,64
5,23.5006,68,24,64
5,23.5058,67,23,65
5,24.1418,66,22,66
5,24.3843,65,21,67
5,24.4938,65,22,67
5,25.3059,66,22,67
5,25.6181,67,22,67
5,26.3504,68,22,67
5,26.3748,67,21,68
5,26.5004,67,21,67
5,26.7685,67,22,67
5,26.8684,66,21,68
5,27.0787,67,21,68
5,27.154,67,22,68
5,28.0218,68,22,68
5,28.1036,67,21,69
5,29.0141,66,20,70
5,29.2526,66,20,69
5,29.6408,65,19,70
5,29.7504,64,18,71
5,30.0509,64,18,70
5,30.0732,63,17,71
5,30.0952,62,16,72
5,30.1693,63,16,72
5,30.2996,62,15,73
5,30.5939,61,14,74
5,31.2745,61,15,74
5,31.3904,62,15,74
5,31.5815,62,16,74
5,32.2052,62,16,73
5,32.237,61,15,74
5,32.4809,60,14,75
5,32.5025,60,15,75
5,32.6816,60,16,75
5,32.7697,61,16,75
5,33.0777,61,17,75
5,33.8091,62,17,75
5,33.8393,63,17,75
5,33.8986,63,17,74
5,34.2502,64,17,74
5,34.3563,63,16,75
5,34.8845,62,15,76
5,35.1559,63,15,76
5,35.2418,63,16,76
5,35.7867,64,16,76
5,36.2981,64,17,76
5,36.4447,64,18,76
5,36.6636,64,19,76
5,37.1642,63,18,77
5,37.2559,64,18,77
5,37.2835,65,18,77
5,37.4371,65,19,77
5,37.4478,65,20,77
5,38.156,66,20,77
5,38.4452,66,20,76
5,38.5535,67,20,76
5,38.8101,68,20,76
5,39.309,67,19,77
5,39.3276,66,18,78
5,39.8384,66,18,77
5,40.4406,65,17,78
5,40.7474,64,16,79
5,40.9747,65,16,79
5,41.2007,65,16,78
5,41.6904,66,16,78
5,41.7214,66,16,77
5,41.7367,67,16,77
5,41.8426,68,16,77
5,42.0372,68,17,77
5,42.4913,67,16,78
5,42.5651,68,16,78
5,43.0603,68,16,77
5,43.3222,69,16,77
5,43.8976,69,16,76
5,44.1198,68,15,77
5,44.4594,67,14,78
5,44.6136,68,14,78
5,44.7252,69,14,78
5,44.82,69,14,77
5,45.224,70,14,77
5,45.2581,70,14,76
5,45.3501,70,14,75
5,45.3588,70,15,75
5,45.8357,69,14,76
5,46.0305,69,14,75
5,46.1505,69,14,74
5,46.4366,68,13,75
5,46.9155,68,14,75
5,46.9703,69,14,75
5,47.1423,69,14,74
5,47.3773,70,14,74
5,47.4637,70,15,74
5,48.0126,71,15,74
5,48.0255,71,16,74
5,48.1682,71,16,73
5,48.2246,72,16,73
5,48.3461,72,16,72
5,48.5569,71,15,73
5,48.5602,72,15,73
5,48.6608,71,14,74
5,49.0026,71,14,73
5,49.1679,70,13,74
5,49.6008,71,13,74
5,49.9441,71,13,73
5,50.3613,72,13,73
5,50.5528,72,13,72
5,50.8166,73,13,72
5,51.2555,73,13,71
5,51.3289,73,14,71
5,51.4755,73,14,70
5,52.0601,73,15,70
5,52.3733,74,15,70
5,52.9769,74,15,69
5,53.9653,75,15,69
5,53.9859,74,14,70
5,55.041,73,13,71
5,55.2048,73,13,70
5,55.3476,74,13,70
5,55.6307,75,13,70
5,56.0867,75,13,69
5,56.283,76,13,69
5,56.352,75,12,70
5,56.4564,75,12,69
5,56.6095,76,12,69
5,56.6459,75,11,70
5,56.7946,75,12,70
5,57.136,75,12,69
5,58.3183,75,13,69
5,58.5481,76,13,69
5,59.393,76,14,69
5,59.5262,75,13,70
5,60.0765,75,14,70
5,60.3261,75,14,69
5,60.7819,75,15,69
5,60.8672,74,14,70
5,60.943,73,13,71
5,60.9576,73,13,70
5,61.0229,74,13,70
5,61.1549,73,12,71
5,61.1871,73,12,70
5,61.5598,73,12,69
5,61.6593,73,13,69
5,61.6605,72,12,70
5,61.9315,71,11,71
5,62.4891,70,10,72
5,62.5715,69,9,73
5,62.65,70,9,73
5,63.2529,70,10,73
5,63.5925,70,11,73
5,63.8996,70,11,72
5,64.452,70,11,71
5,65.8331,70,11,70
5,66.1509,71,11,70
5,66.2935,71,12,70
5,66.5822,72,12,70
5,66.8926,73,12,70
5,67.4591,72,11,71
5,67.8309,71,10,72
5,69.125,71,10,71
5,70.5663,70,9,72
5,71.0948,70,10,72
5,71.933,69,9,73
5,72.817,69,9,72
5,73.1919,69,9,71
5,73.6475,70,9,71
5,73.7272,71,9,71
5,74.0272,72,9,71
5,74.6258,71,8,72
5,74.7032,72,8,72
5,74.7122,71,7,73
5,76.253,71,8,73
5,76.6827,72,8,73
5,77.3948,73,8,73
5,77.7332,73,9,73
5,78.7081,72,8,74
5,78.8361,73,8,74
5,78.8838,73,9,74
5,79.0803,72,8,75
5,80.8534,73,8,75
5,82.0547,72,7,76
5,82.3129,73,7,76
5,82.3788,74,7,76
5,83.4159,74,7,75
5,83.6478,73,6,76
5,83.7091,74,6,76
5,84.1262,74,6,75
5,84.3069,73,5,76
5,84.9642,73,6,76
5,85.5133,74,6,76
5,85.7051,75,6,76
5,85.8288,76,6,76
5,86.2756,76,7,76
5,86.295,76,7,75
5,86.6238,76,8,75
5,87.3945,75,7,76
5,87.4234,75,8,76
5,87.5432,75,8,75
5,87.7702,75,9,75
5,87.8736,76,9,75
5,88.0716,75,8,76
5,88.3292,74,7,77
5,88.5222,75,7,77
5,88.5445,75,8,77
5,88.6739,76,8,77
5,88.7432,76,8,76
5,89.1533,76,8,75
5,89.407,76,9,75
5,89.4612,77,9,75
5,89.6207,77,10,75
5,89.8735,76,9,76
5,90.0083,76,9,75
5,90.1138,76,9,74
5,90.921,76,9,73
5,91.1806,75,8,74
5,91.2353,75,9,74
5,91.2667,74,8,75
5,91.2891,73,7,76
5,91.5171,72,6,77
5,91.5423,72,7,77
5,91.6922,72,8,77
5,91.7655,71,7,78
5,92.0108,72,7,78
5,92.1135,72,8,78
5,92.237,73,8,78
5,92.5665,72,7,79
5,92.9813,72,7,78
5,93.0037,73,7,78
5,93.4006,74,7,78
5,93.9783,74,7,77
5,93.991,74,7,76
5,94.0614,74,8,76
5,94.2989,74,9,76
5,94.9572,74,9,75
5,95.1891,74,10,75
5,95.5747,75,10,75
5,95.5759,74,9,76
5,95.854,74,9,75
5,95.928,74,9,74
5,95.9742,75,9,74
5,96.6102,76,9,74
5,97.1437,77,9,74
5,97.9693,77,9,73
5,98.5272,77,10,73
5,98.6361,78,10,73
5,98.6765,78,11,73
5,99.3697,77,10,74
5,99.4132,78,10,74
5,99.9975,78,10,73
5,100.601,77,9,74
5,100.815,77,9,73
5,100.981,78,9,73
5,101.003,78,10,73
5,101.404,77,9,74
5,101.583,76,8,75
5,102.353,75,7,76
5,102.449,76,7,76
5,102.697,76,8,76
5,102.818,77,8,76
5,103.117,77,9,76
5,103.692,78,9,76
5,103.855,78,10,76
5,104.103,79,10,76
5,104.548,79,11,76
5,105.385,79,12,76
5,105.548,80,12,76
5,105.948,81,12,76
5,106.21,82,12,76
5,106.312,83,12,76
5,106.548,83,13,76
5,106.641,83,13,75
5,106.817,83,14,75
5,107.215,83,14,74
5,107.228,84,14,74
5,107.373,84,14,73
5,107.52,83,13,74
5,107.521,82,12,75
5,109.1,82,13,75
5,109.471,83,13,75
5,109.491,83,13,74
5,109.68,82,12,75
5,109.946,82,13,75
5,111.044,81,12,76
5,111.6,82,12,76
5,111.692,82,12,75
5,111.978,81,11,76
5,112.016,80,10,77
5,112.472,79,9,78
5,112.731,79,9,77
5,112.772,78,8,78
5,112.794,78,9,78
5,112.924,78,10,78
5,112.995,78,11,78
5,113.297,77,10,79
5,113.486,77,11,79
5,114.992,77,11,78
5,115.028,77,12,78
5,115.036,77,13,78
5,115.085,77,14,78
5,115.565,77,14,77
5,115.697,78,14,77
5,115.724,78,15,77
5,116.012,78,15,76
5,116.649,77,14,77
5,116.942,78,14,77
5,117.003,78,15,77
5,117.154,79,15,77
5,117.401,79,15,76
5,117.875,79,16,76
5,118.389,79,16,75
5,118.44,79,16,74
5,118.706,79,17,74
5,118.759,79,18,74
5,119.22,80,18,74
5,119.495,81,18,74
5,119.572,80,17,75
5,120.112,79,16,76
5,120.367,79,16,75
5,120.371,78,15,76
5,121.41,77,14,77
5,121.928,76,13,78
5,122.02,75,12,79
5,122.047,76,12,79
5,122.239,76,12,78
5,122.251,75,11,79
5,122.538,75,12,79
5,122.775,75,12,78
5,122.853,74,11,79
5,123.971,74,12,79
5,124.609,75,12,79
5,124.683,74,11,80
5,124.689,74,12,80
5,125.219,75,12,80
5,125.474,75,13,80
5,125.692,74,12,81
5,125.766,74,12,80
5,126.26,74,13,80
5,127.238,74,14,80
5,127.795,74,14,79
5,127.933,75,14,79
5,128.389,76,14,79
5,128.629,77,14,79
5,129.015,77,14,78
5,129.032,77,14,77
5,129.261,78,14,77
5,129.484,78,14,76
5,130.031,78,14,75
5,130.035,78,14,74
5,130.105,77,13,75
5,130.786,77,13,74
5,130.806,77,14,74
5,130.812,78,14,74
5,130.845,77,13,75
5,131.004,76,12,76
5,131.014,77,12,76
5,131.471,78,12,76
5,131.487,79,12,76
5,132.364,79,13,76
5,132.419,78,12,77
5,132.6,79,12,77
5,133.399,79,13,77
5,133.915,78,12,78
5,135.677,78,12,77
5,135.768,78,12,76
5,136.207,77,11,77
5,136.233,78,11,77
5,136.522,78,12,77
5,136.913,77,11,78
5,136.934,77,12,78
5,137.119,77,12,77
5,137.153,76,11,78
5,137.251,77,11,78
5,137.405,77,12,78
5,137.607,76,11,79
5,137.864,76,12,79
5,139.135,76,13,79
5,139.651,76,14,79
5,139.755,76,15,79
5,139.859,76,16,79
5,140.675,75,15,80
5,140.726,74,14,81
5,140.79,73,13,82
5,141.151,74,13,82
5,142.303,74,14,82
5,142.92,73,13,83
5,143.103,72,12,84
5,143.114,71,11,85
5,143.322,71,11,84
5,143.509,71,12,84
5,143.84,72,12,84
5,143.88,73,12,84
5,143.923,72,11,85
5,144.709,71,10,86
5,144.762,72,10,86
5,145.701,72,10,85
5,145.785,73,10,85
5,146.292,73,10,84
5,146.294,74,10,84
5,146.337,74,11,84
5,146.437,73,10,85
5,146.751,73,10,84
5,146.909,73,10,83
5,146.923,74,10,83
5,147.015,74,11,83
5,147.289,75,11,83
5,147.473,74,10,84
5,147.554,75,10,84
5,147.823,74,9,85
5,148.146,75,9,85
5,148.191,75,9,84
5,148.299,74,8,85
5,148.493,74,8,84
5,148.519,74,9,84
5,148.91,74,10,84
5,150.063,74,10,83
5,150.222,74,11,83
5,150.309,74,11,82
5,150.839,73,10,83
5,151.221,73,10,82
5,151.367,73,11,82
5,151.391,72,10,83
5,151.57,72,11,83
5,151.955,73,11,83
5,152.005,73,12,83
5,152.136,73,12,82
5,152.398,73,13,82
5,152.442,73,14,82
5,152.457,73,14,81
5,152.477,72,13,82
5,152.581,72,14,82
5,152.937,73,14,82
5,152.987,73,15,82
5,153.134,74,15,82
5,153.813,73,14,83
5,153.829,74,14,83
5,154.332,75,14,83
5,154.987,74,13,84
5,155.452,75,13,84
5,155.862,76,13,84
5,156.124,75,12,85
5,156.191,74,11,86
5,156.409,73,10,87
5,156.653,72,9,88
5,156.831,73,9,88
5,157.289,74,9,88
5,157.36,73,8,89
5,157.441,73,8,88
5,157.599,73,8,87
5,158.011,72,7,88
5,158.168,72,8,88
5,158.266,72,8,87
5,158.601,72,9,87
5,158.62,72,9,86
5,158.741,71,8,87
5,159.311,71,9,87
5,160.346,72,9,87
5,160.407,73,9,87
5,160.596,73,9,86
5,160.617,73,9,85
5,160.723,73,9,84
5,160.757,73,9,83
5,160.964,73,9,82
5,161.269,73,9,81
5,161.324,73,9,80
5,161.635,74,9,80
5,161.939,74,10,80
5,161.952,74,11,80
5,161.959,73,10,81
5,162.052,73,10,80
5,162.192,72,9,81
5,162.653,72,10,81
5,162.724,71,9,82
5,162.772,71,10,82
5,163.013,72,10,82
5,163.16,73,10,82
5,163.25,73,10,81
5,163.583,74,10,81
5,164.147,74,11,81
5,164.327,74,11,80
5,164.526,74,11,79
5,164.673,74,12,79
5,164.912,74,13,79
5,165.009,74,13,78
5,165.043,74,14,78
5,165.091,74,14,77
5,165.776,75,14,77
5,166.178,76,14,77
5,166.365,75,13,78
5,166.781,75,14,78
5,166.989,75,15,78
5,167.328,75,15,77
5,167.366,76,15,77
5,167.384,76,15,76
5,167.582,76,15,75
5,167.801,76,15,74
5,168.051,75,14,75
5,168.089,76,14,75
5,168.449,77,14,75
5,168.576,77,15,75
5,168.663,76,14,76
5,168.717,76,15,76
5,168.901,77,15,76
5,169.01,77,15,75
5,169.028,78,15,75
5,169.292,77,14,76
5,169.648,76,13,77
5,169.855,75,12,78
5,170.265,75,13,78
5,170.519,75,14,78
5,170.647,74,13,79
5,170.686,74,14,79
5,171.069,75,14,79
5,171.46,75,15,79
5,171.54,74,14,80
5,172.278,74,15,80
5,173.07,73,14,81
5,173.327,72,13,82
5,173.423,71,12,83
5,173.542,71,13,83
5,173.605,71,14,83
5,173.631,71,14,82
5,173.655,72,14,82
5,173.935,71,13,83
5,173.983,71,13,82
5,174.194,70,12,83
5,174.74,70,12,82
5,175.072,69,11,83
5,175.182,70,11,83
5,175.227,71,11,83
5,175.797,71,12,83
5,176.793,70,11,84
5,177.073,70,12,84
5,177.341,71,12,84
5,177.352,71,13,84
5,177.357,71,14,84
5,177.473,70,13,85
5,177.594,69,12,86
5,177.62,69,13,86
5,177.699,69,13,85
5,177.817,69,13,84
5,178.507,70,13,84
5,178.51,71,13,84
5,178.557,71,14,84
5,178.92,71,14,83
5,179.518,71,15,83
5,180.048,72,15,83
5,180.503,72,15,82
5,181.229,71,14,83
5,181.278,71,15,83
5,181.296,71,16,83
5,181.867,72,16,83
5,181.87,71,15,84
5,182.061,71,16,84
5,182.589,72,16,84
5,183.074,72,16,83
5,183.254,72,17,83
5,183.515,72,18,83
5,183.665,71,17,84
5,184.003,70,16,85
5,184.233,70,17,85
5,184.41,69,16,86
5,184.46,69,17,86
5,184.516,70,17,86
5,184.725,70,18,86
5,184.746,69,17,87
5,184.839,69,18,87
5,185.369,69,19,87
5,185.729,69,19,86
5,185.889,69,20,86
5,185.926,68,19,87
5,186.017,68,20,87
5,186.519,69,20,87
5,186.673,68,19,88
5,186.816,68,19,87
5,186.82,69,19,87
5,186.994,69,19,86
5,187.087,69,20,86
5,187.171,69,21,86
5,187.199,70,21,86
5,187.291,71,21,86
5,187.298,71,22,86
5,187.382,71,23,86
5,187.441,72,23,86
5,187.536,72,24,86
5,187.537,73,24,86
5,187.586,72,23,87
5,187.992,71,22,88
5,188.36,70,21,89
5,189.551,71,21,89
5,189.914,71,22,89
5,190.433,72,22,89
5,190.496,71,21,90
5,190.658,71,22,90
5,190.747,71,22,89
5,191.422,71,22,88
5,191.444,72,22,88
5,191.616,71,21,89
5,191.659,70,20,90
5,191.834,69,19,91
5,192.004,68,18,92
5,192.277,68,19,92
5,192.933,69,19,92
5,193.867,69,20,92
5,194.165,70,20,92
5,194.399,70,20,91
5,194.985,70,20,90
5,195.229,70,21,90
5,195.456,70,21,89
5,195.478,69,20,90
5,196.199,70,20,90
5,196.33,70,20,89
5,196.783,70,21,89
5,197.46,70,22,89
5,197.679,69,21,90
5,197.954,69,22,90
5,197.991,69,22,89
5,198.667,69,22,88
5,199.083,69,23,88
5,199.304,69,23,87
5,199.345,68,22,88
5,199.606,67,21,89
5,200.022,67,21,88
